1592
1485
107
0.361766 3.887367 0.465054 0
0.366764 3.886568 0.454541 0
0.434907 3.852445 0.433026 0
0.465169 3.830191 0.409886 0
0.352459 3.892693 0.466996 0
0.333518 3.901494 0.467051 0
0.484912 3.811350 0.388606 0
0.526888 3.787178 0.345737 0
0.553236 3.764554 0.316048 0
0.507630 3.794291 0.360450 0
0.556046 3.762618 0.314426 0
0.718005 3.747481 0.289139 1
0.648669 3.733391 0.289882 1
0.824577 3.755778 0.286081 1
0.766151 3.764057 0.284150 1
0.896503 3.757161 0.256261 1
1.006197 3.755929 0.234122 1
0.956428 3.758539 0.237441 1
0.919548 3.753764 0.255156 1
0.603192 3.702967 0.324129 0
0.615165 3.737911 0.293003 0
0.616541 3.633995 0.380769 0
0.606158 3.537638 0.480512 0
0.603288 3.559413 0.451975 0
0.604875 3.154033 0.896433 0
0.624333 3.127736 0.923087 0
0.606019 3.090995 0.963647 0
0.680291 0.266916 1.505584 2
0.732719 0.272083 1.485107 2
0.764062 0.275822 1.472700 2
0.926372 0.310744 1.395919 2
0.865866 0.300980 1.433072 2
0.932295 0.313077 1.393103 2
0.847622 0.292847 1.437313 2
0.805905 0.284166 1.460899 2
1.076496 0.346341 1.235809 2
1.053464 0.314466 1.289033 2
1.040483 0.321226 1.302157 2
0.935043 0.309853 1.388483 2
0.996809 0.325518 1.350473 2
1.011371 0.313725 1.328791 2
0.579372 0.247516 1.531840 2
0.507622 0.223127 1.553506 2
0.622212 0.257843 1.519832 2
0.600232 0.247435 1.527964 2
0.579421 -3.053447 2.232399 3
0.571823 -3.050887 2.233926 3
0.856396 -3.500469 2.136037 3
0.823974 -3.415668 2.165415 3
0.857039 -3.501069 2.136087 3
0.856965 -3.501963 2.135914 3
0.856831 -3.509614 2.134388 3
0.851504 -3.611929 2.127562 3
0.853578 -3.631361 2.122981 3
0.843762 -3.735446 2.123153 3
0.848893 -3.786040 2.110905 3
0.858508 -3.822522 2.089501 3
0.856089 -3.898957 2.087762 3
0.824495 -4.003513 2.066371 3
0.825719 -4.009169 2.065720 3
0.824986 -4.015793 2.063772 3
0.818930 -4.130487 2.050511 3
0.817910 -4.151163 2.044605 3
0.819145 -4.268138 2.022512 3
0.828908 -4.275213 2.019051 3
0.834945 -4.296956 2.009693 3
0.846994 -4.382890 1.987192 3
0.854932 -4.423866 1.968336 3
0.826315 -4.501976 1.965353 3
0.826704 -4.493646 1.967620 3
0.835353 -4.568653 1.950007 3
1.020131 3.754428 0.228227 1
1.088481 3.756040 0.205161 1
1.170529 3.745179 0.167581 1
1.143579 3.748190 0.175285 1
1.104390 3.754726 0.196616 1
0.608036 3.525259 0.487097 0
0.615558 3.424274 0.598117 0
0.606246 3.201069 0.849338 0
0.614818 2.971161 1.086443 0
0.619513 2.987558 1.050756 0
0.619291 3.042126 1.002889 0
0.623678 2.942933 1.126924 0
0.630148 2.908235 1.158418 0
1.297370 -3.308980 2.006272 4
1.355306 -3.305195 1.953727 4
1.422202 -3.287856 1.892247 4
1.468336 -3.259034 1.850582 4
1.528005 -3.259808 1.791820 4
1.572427 -3.247937 1.744620 4
1.298123 4.232710 -1.297218 5
1.301362 4.227417 -1.293672 5
1.320154 3.992964 -1.149665 5
1.320210 4.041958 -1.158216 5
1.320340 3.970902 -1.142589 5
1.312450 3.937943 -1.134712 5
1.308134 3.937792 -1.098620 5
1.312462 3.854885 -1.107584 5
1.326977 3.803364 -1.142781 5
1.381771 3.279664 -0.989814 5
1.381766 3.359060 -1.003934 5
1.385751 3.226129 -0.980115 5
1.379940 3.073621 -0.936130 5
1.381460 3.066059 -0.936235 5
1.380786 2.919145 -0.892660 5
1.380312 3.051812 -0.932430 5
1.402074 2.731471 -0.906336 5
1.398016 2.739985 -0.896565 5
1.381421 2.824668 -0.885281 5
1.384157 2.812294 -0.888286 5
1.392408 2.647911 -0.879408 5
1.387638 2.618280 -0.856320 5
1.382261 2.498452 -0.844550 5
1.380731 2.559603 -0.839710 5
1.385846 2.438052 -0.844668 5
1.385111 2.364546 -0.852462 5
1.390072 2.325184 -0.861500 5
1.399019 2.237463 -0.923973 5
1.338994 2.080923 -1.088070 5
1.359139 2.118731 -1.057314 5
1.362457 2.133286 -1.003863 5
1.366756 2.143820 -0.987163 5
1.340703 1.813931 1.001153 6
1.332753 1.706064 1.016818 6
1.273189 0.913178 -1.091935 2
1.269126 0.940885 -1.181089 2
1.284959 0.921940 -1.273290 7
1.266966 0.960640 -1.325376 7
1.267452 0.970701 -1.379397 7
1.289123 0.839809 -0.900027 2
1.282962 0.874768 -0.976084 2
1.300700 0.856237 -1.047907 2
1.298121 0.900661 -1.221686 7
1.308242 0.803186 -0.815193 2
1.284411 0.850728 -0.841932 2
1.307735 0.762627 -0.591395 2
1.307661 0.744855 -0.511576 2
1.307881 0.719685 -0.427814 2
1.314155 0.769856 -0.664225 2
1.311454 0.788329 -0.770735 2
1.294420 0.805792 -0.709981 2
1.318567 0.673571 -0.304725 2
1.302627 0.625981 -0.005212 2
1.307309 0.600801 0.086305 2
1.309081 0.628373 -0.033287 2
1.333538 0.624906 -0.109276 2
1.293599 0.590601 0.154558 2
1.290574 0.590539 0.236500 2
1.878937 -1.588513 -0.215825 8
1.871700 -1.693135 -0.184544 8
1.867541 -1.821683 -0.154781 8
1.869058 -1.771229 -0.171506 8
1.859843 -1.852089 -0.127653 8
1.866101 -1.898102 -0.142995 8
1.875140 -1.995547 -0.123663 8
1.868320 -2.071872 -0.083803 8
1.867883 -2.118346 -0.070385 8
1.877537 -2.175213 -0.061062 8
1.883372 -2.221959 -0.008426 9
1.887901 -2.242149 0.049830 9
1.901049 -2.244566 -0.059522 9
1.953721 -2.263005 -0.096192 9
1.996123 -2.294069 -0.112687 9
2.003582 -2.297244 -0.114222 9
1.905475 -2.248492 -0.066326 9
2.123334 -3.903141 -0.693729 10
2.124588 -3.899353 -0.700567 10
2.140460 -3.874676 -0.808875 10
2.142964 -3.850875 -0.879871 10
2.080869 -3.947597 -0.398448 10
2.088424 -3.937352 -0.437796 10
2.101361 -3.939028 -0.516684 10
2.100665 -3.953692 -0.555620 10
2.108099 -3.952859 -0.597553 10
2.122381 -3.904592 -0.687786 10
2.145422 -3.843150 -0.894532 10
2.057526 -3.979146 -0.293792 10
2.057592 -3.979042 -0.294110 10
2.013102 -4.049902 -0.082992 10
2.013992 -4.045451 -0.087975 10
2.047169 -4.007675 -0.201222 10
1.921500 -4.127313 0.428443 10
1.926532 -4.125335 0.402859 10
1.910459 -4.135511 0.454738 10
1.976154 -4.090854 0.159617 10
1.977031 -4.090076 0.155561 10
1.960487 -4.113137 0.265677 10
1.976553 -4.091092 0.153771 10
1.999550 -4.074718 0.035473 10
2.011539 -4.047694 -0.074896 10
2.011989 -4.051202 -0.077767 10
1.838108 -4.192455 0.630029 10
1.841617 -4.190881 0.620406 10
1.944508 -4.130698 0.324642 10
1.663563 -4.272706 1.033221 10
1.683680 -4.266434 0.982805 10
1.752498 -4.238540 0.826540 10
1.724997 -4.260177 0.888188 10
1.787976 -4.223763 0.747674 10
1.833869 -4.195864 0.637366 10
1.878149 -4.187680 0.515859 10
1.360007 -4.773192 -0.399513 11
1.398855 -4.785530 -0.461433 11
1.646257 -4.273801 1.077163 10
1.597152 -4.320426 1.157282 10
1.285385 4.326984 -1.373480 5
1.284879 4.308170 -1.338140 5
1.300817 4.221691 -1.288584 5
1.315465 4.164686 -1.240104 5
1.315734 4.104928 -1.198625 5
1.321832 4.067833 -1.187924 5
1.315376 4.123348 -1.213334 5
1.330536 3.764979 -1.170356 5
1.382629 3.746479 -1.239485 5
1.355741 3.760844 -1.208011 5
1.432912 3.755496 -1.278737 5
1.452385 3.763809 -1.297164 5
1.483752 3.777505 -1.335130 5
1.198419 3.728740 0.159468 1
1.231818 3.755640 0.134405 1
1.337615 3.713259 -1.159890 5
1.353861 3.676341 -1.123721 5
1.351429 3.726341 -1.196178 5
1.360722 3.643226 -1.123896 5
1.359788 3.627694 -1.106663 5
1.358213 3.577730 -1.049778 5
1.367725 3.562626 -1.051818 5
1.376648 3.486716 -1.036737 5
1.377336 3.466981 -1.026464 5
0.607644 3.410108 0.627011 0
1.379458 3.448993 -1.026997 5
0.623078 3.394009 0.625961 0
0.617637 3.292561 0.738448 0
0.611735 3.255548 0.792584 0
1.503047 3.055832 -1.449581 12
1.486987 3.109240 -1.480161 12
0.625242 2.856155 1.241842 0
0.628153 2.851288 1.235789 0
0.647558 2.793702 1.326737 0
0.643777 2.772923 1.397281 0
0.626916 2.845444 1.254250 0
1.381262 2.827772 -0.885744 5
0.645048 2.768505 1.407810 0
-0.124410 2.192005 1.817214 13
-0.085790 2.183735 1.829718 13
0.652031 2.760098 1.480807 0
0.793681 2.720014 1.363524 14
0.756024 2.718282 1.390348 14
0.884585 2.689514 1.368837 14
0.888577 2.689242 1.368006 14
0.891980 2.687891 1.367959 14
0.898828 2.682603 1.370098 14
1.091936 2.531665 1.397721 13
1.095041 2.521233 1.405464 13
1.097227 2.495693 1.423448 13
1.110902 2.407646 1.477953 13
1.104517 2.455968 1.448299 13
1.103919 2.352324 1.522530 13
1.088124 2.316177 1.571380 13
1.097154 2.347360 1.546964 13
0.927194 2.176614 1.760903 13
0.938826 2.181707 1.752142 13
0.920283 2.172895 1.761508 13
0.990825 2.195765 1.726892 13
1.023133 2.208826 1.691974 13
1.035088 2.258295 1.680102 13
1.063014 2.271709 1.632823 13
1.076395 2.286460 1.609963 13
0.665777 2.151504 1.821350 13
0.718899 2.148734 1.814750 13
0.766106 2.128571 1.819696 13
1.322496 0.665569 -0.274798 2
1.325365 0.653958 -0.235941 2
1.273420 0.520958 0.431556 2
1.274914 0.539573 0.394127 2
1.277533 0.553597 0.350262 2
1.277667 0.489801 0.529342 2
1.265570 0.459790 0.645502 2
1.186349 0.408018 1.022643 2
1.198359 0.403600 0.975855 2
1.249694 0.438649 0.779309 2
1.262602 0.456561 0.665024 2
1.266963 0.455728 0.658446 2
1.074670 0.375974 1.252508 2
1.102416 0.378558 1.198242 2
1.133359 0.394592 1.142743 2
1.159959 0.422821 1.066841 2
1.205499 0.391438 0.945108 2
1.237143 0.416250 0.836088 2
1.221729 0.415502 0.881488 2
1.885513 0.273087 -0.567883 8
1.884632 0.258100 -0.563239 8
1.880158 0.150710 -0.517444 8
1.882662 0.242531 -0.559215 8
1.876897 0.096494 -0.522814 8
1.863143 -0.023351 -0.502709 8
1.862976 -0.014978 -0.503809 8
1.862417 -0.032176 -0.501722 8
1.865738 -0.157657 -0.474963 8
1.862690 -0.204906 -0.463695 8
1.853478 -0.313144 -0.441062 8
1.854494 -0.320162 -0.439591 8
1.857755 -0.423143 -0.396351 8
1.853358 -0.325513 -0.436920 8
1.868154 -0.548549 -0.391418 8
1.864515 -0.473046 -0.392742 8
1.870757 -0.610347 -0.378948 8
1.861162 -0.687660 -0.351033 8
1.866735 -0.751143 -0.348597 8
1.869298 -0.790608 -0.336830 8
1.870877 -0.813987 -0.338186 8
1.875881 -1.015650 -0.317943 8
1.879392 -0.912997 -0.347580 8
1.880248 -0.908407 -0.348962 8
1.869943 -1.076289 -0.304393 8
1.864125 -1.136688 -0.282115 8
1.864274 -1.203959 -0.267461 8
1.866079 -1.264005 -0.254791 8
1.874999 -1.343940 -0.251667 8
1.881308 -1.389328 -0.246341 8
1.877466 -1.527759 -0.217542 8
1.881136 -1.510303 -0.231122 8
1.874832 -1.556753 -0.201751 8
1.886442 -2.240202 0.070756 9
1.904982 -2.277369 0.223065 9
1.899018 -2.254068 0.163670 9
1.904247 -2.303429 0.272777 9
1.887255 -2.246507 0.091625 9
1.904086 -2.330122 0.335298 9
2.051710 -2.331165 -0.143438 9
2.045954 -2.328880 -0.139276 9
1.913969 -2.351801 0.373138 9
2.094755 -2.349343 -0.186631 9
2.053319 -2.333373 -0.144099 9
1.907568 -2.388831 0.482696 9
1.903859 -2.356166 0.406145 9
1.894852 -2.467356 0.682818 9
1.879824 -2.497560 0.757725 9
1.865792 -2.452879 0.803786 9
1.904114 -2.452527 0.638063 9
1.906930 -2.422912 0.583563 9
1.912558 -2.418229 0.534045 9
1.865437 -2.520414 0.841631 9
1.845625 -2.533628 0.942178 9
1.753096 -2.590413 1.281475 9
1.787048 -2.603965 1.173611 9
1.813502 -2.588587 1.090855 9
1.824276 -2.561209 1.040803 9
1.715337 -2.685315 1.424578 9
1.685225 -2.723081 1.518701 9
1.722256 -2.672379 1.394719 9
1.745909 -2.652251 1.312183 9
1.671135 -2.738609 1.553551 9
1.642291 -2.781661 1.635551 9
1.486312 -4.356608 1.357779 10
1.487495 -4.355597 1.356461 10
1.422143 -4.379149 1.464737 10
1.416341 -4.380142 1.474051 10
1.364825 -4.398314 1.562323 10
1.477406 -4.359495 1.372240 10
1.548118 -4.323211 1.259753 10
1.520817 -4.337686 1.302901 10
1.550075 -4.323017 1.255194 10
1.267298 4.359364 -1.373041 5
1.256687 4.398051 -1.416440 5
1.520747 3.427760 -1.536277 12
1.514304 3.369819 -1.523383 12
1.512334 3.348057 -1.491088 12
1.507660 3.309984 -1.487199 12
1.500130 3.246510 -1.486280 12
1.499597 3.232330 -1.485850 12
1.492229 3.180261 -1.487392 12
1.492071 3.141106 -1.492412 12
1.491201 3.125468 -1.489783 12
1.483070 2.990019 -1.460678 12
1.495378 2.923728 -1.479790 12
1.485944 2.781939 -1.475743 12
1.481687 2.852244 -1.466378 12
1.488216 2.753703 -1.469919 12
1.485079 2.724198 -1.477499 12
1.503626 2.637303 -1.492995 12
1.552855 2.561063 -1.478944 12
1.563873 2.549424 -1.453791 12
1.516949 2.614821 -1.486007 12
1.333490 2.070534 -1.134207 5
1.335629 2.066237 -1.174850 5
1.314973 2.023374 -1.271783 5
1.324361 2.058680 -1.232736 5
1.300738 2.035271 -1.401002 5
1.299776 2.038946 -1.369730 5
1.300204 2.035983 -1.416514 5
1.269359 0.980061 -1.408461 7
1.267364 0.982243 -1.422384 7
1.265007 1.008761 -1.482506 7
2.145197 -3.838636 -0.898875 10
2.140993 -3.807189 -0.972985 10
2.121917 -3.763780 -1.035685 10
1.252393 1.026437 -1.523381 7
1.249430 1.043570 -1.553850 7
1.592275 -3.129988 -1.616835 15
1.629425 -3.159847 -1.598697 15
1.674147 -3.168911 -1.578724 15
1.549327 -3.102874 -1.634164 15
1.514854 -3.072493 -1.652878 15
1.709185 -3.200449 -1.559430 15
1.773792 -3.252201 -1.524863 15
1.805454 -3.277953 -1.505682 15
1.741101 -3.231686 -1.545077 15
1.826296 -3.321964 -1.490405 15
1.253091 4.424189 -1.495786 5
1.243498 4.441185 -1.524146 5
1.230669 4.454434 -1.547679 5
1.226827 4.459853 -1.624238 5
1.185677 4.438005 -1.705238 5
1.235131 4.441199 -1.483151 5
1.265591 2.014571 -1.577241 5
1.278701 2.010850 -1.521085 5
1.288061 2.027773 -1.427547 5
1.256746 2.023175 -1.631309 5
1.219187 2.029515 -1.703631 5
1.227618 1.056201 -1.605140 7
1.242898 1.046612 -1.632251 7
1.218292 1.063813 -1.653175 7
1.210934 1.069182 -1.716284 7
1.168156 1.080856 -1.774878 7
1.157419 1.087443 -1.803156 7
1.138288 1.088677 -1.824463 7
1.869893 -3.389889 -1.445471 15
1.877924 -3.398856 -1.438862 15
1.883523 -3.404337 -1.431592 15
1.938128 -3.461642 -1.367840 15
1.880242 -3.401864 -1.436982 15
1.959901 -3.484458 -1.334281 15
1.992692 -3.528786 -1.291936 15
2.015263 -3.554606 -1.259542 15
2.045445 -3.586600 -1.207862 15
2.065305 -3.614903 -1.175114 15
2.105577 -3.696570 -1.091888 15
2.121875 -3.763608 -1.035871 15
2.090974 -3.670735 -1.128583 15
1.956296 -3.887880 -1.613635 16
1.969887 -3.936179 -1.639772 16
1.944707 -3.864147 -1.646369 16
2.015756 -3.924171 -1.535179 17
2.015317 -3.924040 -1.535621 17
1.981369 -3.913988 -1.575560 17
1.039347 -2.845191 -1.801341 15
1.101129 -2.879425 -1.785399 15
0.957599 -2.850098 -1.817670 15
0.888981 -2.837428 -1.832139 15
1.263319 -2.950543 -1.732824 15
1.170724 -2.903552 -1.767856 15
1.270074 -2.951302 -1.730421 15
0.716530 -2.818824 -1.864619 15
0.768287 -2.829202 -1.855603 15
1.403879 -3.030434 -1.693904 15
1.484017 -3.062787 -1.664574 15
1.274985 -2.954784 -1.729006 15
-0.744397 -2.827549 -1.891000 18
-0.729589 -2.816305 -1.895045 18
-0.838750 -2.854017 -1.881038 18
-0.877142 -2.857232 -1.873136 18
-1.601762 -3.232820 -1.766998 18
-1.570723 -3.200645 -1.772172 18
-1.627247 -3.228055 -1.754035 18
-1.724450 -3.290022 -1.718541 18
-1.706274 -3.263712 -1.723610 18
0.938182 3.630347 -1.919003 19
0.970821 3.742224 -1.914688 19
-0.826093 3.804612 -1.902178 20
-0.723073 3.787641 -1.910144 20
-1.261195 3.648142 -1.081674 21
-1.260791 3.598629 -1.037758 21
-1.282701 3.392444 -1.036030 21
-1.287413 3.351969 -1.037454 21
-1.273640 2.123659 -1.070453 21
-1.271338 2.156322 -1.035142 21
-1.243180 1.977669 -1.361384 21
-1.253906 1.990209 -1.298650 21
-1.239220 1.973846 -1.381534 21
0.446843 0.685102 -2.014916 22
0.454044 0.670582 -2.014792 22
0.415369 0.461003 -2.020320 22
-1.190977 0.895414 -1.146158 2
-1.196728 0.849393 -1.048606 2
0.465345 0.387777 -2.018048 22
1.412192 0.227768 -1.976592 23
1.418830 0.160135 -1.974191 23
0.530653 0.210173 -2.016615 22
0.512540 0.315378 -2.016226 22
1.372634 -0.029377 -1.977822 23
0.573470 0.129007 -2.019150 22
0.416742 0.033336 -2.030625 24
0.387140 -0.018735 -2.033553 24
0.386730 -0.151408 -2.038015 24
1.366887 -0.225620 -1.977760 25
1.380788 -0.286365 -1.974961 25
1.414654 -0.366882 -1.970190 25
0.299926 -0.217946 -2.042044 24
0.226159 -0.334990 -2.048303 24
0.045198 -0.568322 -2.057446 26
0.182298 -0.447834 -2.051260 26
-1.831826 -0.742161 -0.476537 27
-1.833036 -0.764168 -0.472450 27
-0.878643 -1.066147 -2.047009 28
-0.930306 -1.189966 -2.035993 28
-0.890792 -1.338808 -2.026456 28
-0.873978 -1.387957 -2.024644 28
-0.264802 -1.484943 -2.045982 29
-0.241015 -1.484182 -2.044310 29
-0.117862 -1.502988 -2.035715 29
-0.904922 -1.414806 -2.022015 28
-0.967957 -1.542010 -2.018300 28
0.399326 -2.709248 -1.891360 15
0.337454 -2.689479 -1.898886 15
0.619046 -2.796993 -1.875659 15
0.562077 -2.784207 -1.883458 15
0.530652 -2.764068 -1.885275 15
0.412659 -2.766644 -1.898256 15
-0.074842 -2.745483 -1.939418 18
-0.175417 -2.746199 -1.942896 18
-0.297158 -2.769010 -1.940276 18
-0.318663 -2.769264 -1.939771 18
0.334421 -2.778501 -1.906372 18
0.235553 -2.778404 -1.916397 18
0.132700 -2.761280 -1.923243 18
0.125359 -2.762021 -1.924044 18
0.010676 -2.772168 -1.938133 18
-0.336581 -2.776161 -1.938870 18
-0.435150 -2.801223 -1.937940 18
-0.490907 -2.799693 -1.931757 18
-0.533295 -2.801036 -1.929172 18
-0.596969 -2.789069 -1.918461 18
-0.626395 -2.790120 -1.915669 18
-0.691955 -2.807755 -1.900539 18
1.368889 -2.985914 -1.707505 15
-0.961785 -2.886142 -1.862071 18
-1.040622 -2.924020 -1.852080 18
-1.057174 -2.940488 -1.852664 18
-1.152744 -2.979317 -1.844788 18
-1.087767 -2.952167 -1.848356 18
-1.212595 -2.990495 -1.835337 18
-1.251426 -3.022283 -1.832751 18
-1.313402 -3.056789 -1.825879 18
-1.327807 -3.065815 -1.825371 18
-1.401442 -3.111372 -1.815418 18
-1.423670 -3.132657 -1.814446 18
-1.448295 -3.131335 -1.804238 18
-1.518023 -3.167187 -1.791402 18
-0.081406 -4.862513 -1.865286 30
-0.051769 -4.869858 -1.887339 30
-1.156156 2.002650 -1.720115 21
-1.128617 2.004202 -1.760677 21
-1.101744 2.028397 -1.801364 21
-1.802987 -3.336605 -1.675870 18
-1.779109 -3.328683 -1.688344 18
-1.818801 -3.360295 -1.663167 18
-1.885543 -3.421725 -1.616853 18
-1.913497 -3.456244 -1.591746 18
-1.855868 -3.407929 -1.644952 18
-0.761063 3.762615 0.224264 31
-0.727767 3.762257 0.234810 31
-0.853413 3.764160 0.210666 31
-0.699072 3.761431 0.241730 31
-0.606649 3.749910 0.274492 31
-0.488920 3.744116 0.292587 31
-0.482769 3.749955 0.296874 31
-0.465888 3.751355 0.304032 31
-0.388540 3.735786 0.354955 31
-0.353434 3.711645 0.367215 31
-0.251691 3.838960 0.443463 0
-0.298145 3.762764 0.400614 0
-0.236942 3.856193 0.450402 0
-0.199933 3.883738 0.456700 0
-0.304229 3.751189 0.401208 0
-1.041019 3.755042 0.147086 31
-1.021645 3.747643 0.149944 31
-0.959702 3.752303 0.181088 31
-0.896982 3.762719 0.197527 31
-0.377769 3.461993 0.596554 0
-0.383058 3.412057 0.646748 0
-0.377812 3.563764 0.490623 0
-0.417471 3.325097 0.726017 0
-0.417075 3.402286 0.644690 0
-0.464572 2.976139 1.052223 0
-0.468005 2.970128 1.056872 0
-0.472663 2.961131 1.065771 0
-0.712952 2.202893 1.707192 13
-0.706892 2.202966 1.708618 13
-0.820517 2.231027 1.655204 13
-0.779017 2.225965 1.672011 13
-0.717214 2.205207 1.705591 13
-0.771972 2.223594 1.678297 13
-0.524327 0.253945 1.495212 2
-0.488493 0.255390 1.512397 2
-0.432074 0.245577 1.524098 2
-0.416128 0.250554 1.532120 2
-0.630802 0.269371 1.466804 2
-0.599011 0.244949 1.472775 2
-0.557199 0.249908 1.492711 2
-0.538305 -4.080645 2.165721 3
-0.540331 -4.121051 2.155814 3
-0.552784 -4.180326 2.141084 3
-0.553656 -4.302764 2.092793 3
-0.552420 -4.308033 2.092675 3
-0.770549 -4.402075 1.997419 32
-0.721698 -4.400507 2.014772 32
-0.670605 -4.400853 2.029511 32
-0.170455 3.922308 0.477237 0
-0.127717 3.922934 0.488487 0
-0.079292 3.923967 0.514835 0
-0.012403 3.917428 0.523683 0
0.011207 3.922629 0.528971 0
0.282029 3.945773 0.500517 0
0.228019 3.955085 0.514510 0
0.189573 3.926386 0.519101 0
0.102532 3.927472 0.538229 0
0.151044 3.943824 0.538590 0
0.032879 3.920455 0.528001 0
-0.641745 2.196107 1.748072 13
-0.594400 2.182883 1.751874 13
-0.552429 2.178066 1.758984 13
-0.485111 2.156695 1.765817 13
-0.458330 2.147906 1.769211 13
-0.434723 2.141250 1.767804 13
-0.208661 2.195942 1.802236 13
-0.247989 2.187578 1.794409 13
-0.274297 2.177926 1.795870 13
-0.310742 2.161624 1.786636 13
-0.369603 2.153747 1.781986 13
-0.000288 2.162722 1.862593 13
0.040996 2.136007 1.863913 13
0.198410 2.143301 1.882559 13
0.245400 2.148267 1.879036 13
0.173565 2.125190 1.882614 13
0.324888 2.160008 1.864522 13
0.400144 2.167958 1.844116 13
0.427744 2.166857 1.841757 13
0.500777 2.145755 1.837109 13
0.616285 2.142762 1.832554 13
0.560555 2.147172 1.827455 13
0.791809 2.146257 1.809199 13
0.863188 2.160674 1.791834 13
0.828088 2.147867 1.807116 13
-0.129559 1.746422 2.170090 33
-0.070887 1.748434 2.171920 33
-0.205693 1.737952 2.152874 33
0.036577 1.761528 2.167506 34
0.038081 1.776569 2.166321 34
0.135158 1.850471 2.149684 34
0.168079 1.792936 2.173009 35
0.206126 1.767950 2.183971 35
0.227023 1.756613 2.185648 35
-0.432928 1.722551 2.104064 33
-0.306182 1.724836 2.143945 33
-0.224864 1.730860 2.153316 33
-0.210404 1.732478 2.156542 33
0.307340 1.733518 2.194276 35
0.458214 1.722743 2.178292 36
0.482620 1.719939 2.176680 36
0.604551 1.690889 2.161854 37
0.617379 1.688900 2.160125 37
0.062290 1.377801 2.311597 38
0.102458 1.366489 2.311166 38
0.176303 1.356472 2.305314 38
0.184792 1.354587 2.305710 38
-0.272715 0.244860 1.571705 2
-0.290827 0.242089 1.567874 2
-0.360078 0.243164 1.561526 2
-0.085742 0.240748 1.595278 2
-0.143174 0.233446 1.589642 2
-0.194925 0.237271 1.582857 2
-0.035435 0.237104 1.600164 2
0.008096 0.235798 1.609844 2
0.061593 0.232593 1.617057 2
0.122209 0.219525 1.604402 2
0.202326 0.196442 1.588145 2
0.229855 0.186445 1.588988 2
0.273443 0.192210 1.579532 2
0.359478 0.191867 1.578955 2
0.432582 0.206366 1.568429 2
0.394123 0.209893 1.582044 2
0.013158 -0.301485 1.725240 39
0.061113 -0.299482 1.719482 39
-0.038946 -0.318832 1.734057 39
0.136204 -0.278199 1.717252 39
0.169105 -0.330283 1.737644 39
0.076671 -0.289646 1.714114 39
-0.089565 -1.104372 1.925281 40
-0.028667 -1.043772 1.920384 40
-0.110768 -1.122132 1.928274 40
-0.141512 -1.209425 1.948013 40
-0.114089 -1.249203 1.956330 40
-0.134897 -1.299813 1.959137 40
-0.106901 -1.345837 1.964343 40
-0.140322 -1.454641 1.952144 40
-0.126192 -1.383598 1.958616 40
-0.259561 -1.403674 1.994369 41
-0.264393 -1.445235 2.011441 41
-0.127873 -1.532351 2.015081 40
-0.121861 -1.530035 2.011511 40
-0.138425 -1.456472 1.954168 40
-0.129870 -1.492785 1.980705 40
-0.119797 -1.537377 2.016877 40
-0.102925 -1.572856 2.042541 40
0.409829 -2.817179 2.297897 42
0.393738 -2.819394 2.298465 42
-0.198298 -3.046202 2.259666 3
-0.118353 -3.018649 2.273264 3
-0.223040 -3.048107 2.259959 3
-0.057806 -3.007263 2.284697 3
-0.028967 -3.008287 2.283881 3
0.030646 -2.998094 2.284434 3
-0.238069 -3.066653 2.250936 3
0.065497 -2.989262 2.289580 3
0.081772 -2.998485 2.294979 3
0.163115 -2.982053 2.294757 3
0.181711 -2.984755 2.296401 3
0.269924 -2.976942 2.293929 3
0.290552 -2.961460 2.282220 3
0.380454 -2.973570 2.270265 3
0.409975 -2.984509 2.263607 3
0.465054 -3.001203 2.252447 3
0.536240 -3.037036 2.238863 3
-0.388494 -3.171108 2.233460 3
-0.328067 -3.108977 2.251716 3
-0.417189 -3.202540 2.233238 3
0.586048 -3.056422 2.229874 3
0.681239 -3.122253 2.228350 3
0.731372 -3.183025 2.198176 3
0.743453 -3.187862 2.197712 3
0.748807 -3.205131 2.188574 3
-0.437181 -3.244713 2.226694 3
-0.454939 -3.290738 2.231565 3
0.775759 -3.257136 2.187412 3
-0.474771 -3.328628 2.231893 3
-0.471454 -3.380894 2.240195 3
0.789924 -3.283777 2.169537 3
0.816221 -3.328761 2.170403 3
-0.480271 -3.418933 2.235627 3
0.827840 -3.374372 2.170500 3
-0.493562 -3.479655 2.233303 3
-0.491673 -3.533735 2.233908 3
-0.483421 -3.598204 2.230393 3
-0.484283 -3.654963 2.228489 3
-0.502071 -3.705709 2.223329 3
-0.500868 -3.758934 2.215523 3
-0.513147 -3.819643 2.205305 3
-0.528353 -3.876116 2.197245 3
-0.526308 -3.935483 2.193138 3
-0.543053 -3.984879 2.185273 3
-0.521530 -4.030758 2.180148 3
-1.064314 3.760780 0.132170 31
-0.442850 3.237671 0.813842 0
-0.443462 3.127340 0.927805 0
-0.448134 3.086611 0.965264 0
-0.462525 2.890847 1.185181 0
-0.462923 2.893343 1.181465 0
-0.495427 2.828335 1.269335 0
-0.622023 2.743443 1.311256 43
-0.604636 2.739709 1.331670 43
-0.504474 2.810983 1.289761 0
-1.471901 3.223339 -1.491555 44
-1.468687 3.195674 -1.485551 44
-1.457195 3.006684 -1.440458 44
-1.464651 3.076214 -1.472661 44
-1.442564 2.875022 -1.402786 44
-1.439494 2.840448 -1.403673 44
-1.452096 2.946481 -1.440641 44
-1.450419 2.904045 -1.422868 44
-1.436701 2.780022 -1.419554 44
-1.433670 2.819274 -1.403577 44
-1.432430 2.747119 -1.399927 44
-1.437158 2.710257 -1.392587 44
-1.438315 2.658801 -1.383735 44
-1.443581 2.637556 -1.392927 44
-1.448292 2.607534 -1.395470 44
-1.476583 2.565863 -1.382110 44
-1.492079 2.540916 -1.377674 44
-1.220432 1.962818 -1.558283 21
-1.231161 1.971163 -1.525335 21
-1.211602 1.967348 -1.609612 21
-1.237464 1.964193 -1.475850 21
-1.240074 1.961399 -1.435972 21
-1.257178 2.009863 -1.268991 21
-1.268440 2.025353 -1.217454 21
-1.278830 2.079487 -1.164910 21
-1.208474 0.962355 -1.513944 2
-1.191926 0.993655 -1.515230 2
-1.215107 0.932738 -1.421632 2
-1.194903 0.989083 -1.550567 2
-1.186955 1.006553 -1.605055 2
-1.198326 0.945988 -1.373499 2
-1.202542 0.924307 -1.328951 2
-1.203214 0.912820 -1.282050 2
-1.201627 0.907828 -1.245535 2
-1.194107 0.892544 -1.149765 2
-1.194831 0.894593 -1.159779 2
-1.852759 -2.041516 -0.306271 27
-1.845819 -2.041926 -0.289134 27
-1.878299 -2.409475 -0.011585 45
-1.880742 -2.410231 0.041987 45
-1.884907 -2.410598 0.082105 45
-1.821013 -2.337631 -0.273810 27
-1.830563 -2.377144 -0.236297 27
-1.829879 -2.380951 -0.292088 27
-1.861309 -2.387131 -0.105160 45
-1.835898 -2.380281 -0.187176 45
-1.874677 -2.412447 -0.071701 45
-2.063225 -3.797766 -1.319286 18
-2.053757 -3.767408 -1.338069 18
-2.035590 -3.698255 -1.391751 18
-2.100895 -3.983226 -1.125611 18
-2.091253 -3.917949 -1.188357 18
-2.086649 -3.883071 -1.223472 18
-2.102301 -4.019089 -1.079994 18
-2.110986 -4.049514 -1.026360 18
-2.129173 -4.094003 -0.809275 18
-2.129255 -4.073585 -0.812540 18
-2.124481 -4.067188 -0.922734 18
-2.129267 -4.080613 -0.785799 18
-2.120628 -4.056699 -0.960066 18
-1.215590 4.381525 -1.537165 46
-1.226536 4.343075 -1.501196 46
-1.204835 4.390693 -1.597118 46
-1.239827 4.328426 -1.470366 46
-1.234174 4.356515 -1.441510 46
-1.233423 4.332854 -1.376655 46
-1.236257 4.317177 -1.268243 46
-1.231990 4.304792 -1.327047 46
-1.245364 4.264964 -1.246985 46
-1.245079 4.246166 -1.190925 46
-1.251288 4.195686 -1.157515 46
-1.256035 4.126673 -1.135920 46
-1.253856 4.062308 -1.108050 46
-1.256002 3.961790 -1.164402 46
-0.494172 2.806625 1.313438 0
-0.669759 2.715313 1.328911 43
-0.707568 2.703376 1.333700 43
-1.085648 2.025007 -1.817763 21
-1.056232 2.022236 -1.839640 21
-1.168744 1.972313 -1.690208 21
-1.184629 1.962338 -1.645979 21
-1.107150 1.085141 -1.823159 2
-1.084803 1.095432 -1.847797 2
-1.121929 1.065024 -1.762071 2
-1.124760 1.061786 -1.752087 2
-1.159384 1.039000 -1.691814 2
-1.179889 1.017617 -1.644878 2
-1.930216 -3.489923 -1.565374 18
-1.969443 -3.533554 -1.511558 18
-1.959082 -3.523442 -1.531258 18
-2.000111 -3.610123 -1.451170 18
-2.010865 -3.642592 -1.429970 18
-2.067806 -3.815834 -1.293205 18
-1.256010 3.947319 -1.163429 46
-1.387782 3.814806 -1.428183 21
-1.343329 3.816268 -1.351866 21
-1.321823 3.820929 -1.318127 21
-1.282603 3.791772 -1.280256 21
-1.278785 3.778437 -1.279078 21
-1.402280 3.810240 -1.436284 21
-1.271145 3.760449 -1.191061 21
-1.274516 3.745897 -1.199962 21
-1.268628 3.738685 -1.161883 21
-1.275374 3.708382 -1.109111 21
-1.112970 3.739966 0.102061 31
-0.307183 3.748926 0.393449 0
-0.329050 3.666901 0.401105 0
-0.333478 3.655421 0.413755 0
-0.368029 3.584010 0.479818 0
-1.282170 3.458079 -1.046018 21
-1.271144 3.546969 -1.015565 21
-0.361749 3.573110 0.506700 0
-1.289893 3.272194 -1.019818 21
-1.482411 3.304920 -1.492358 44
-0.421955 3.280858 0.794469 0
-1.280352 3.243843 -0.995255 21
-1.265386 3.135629 -0.966805 21
-0.432014 3.253458 0.812938 0
-1.466257 3.119530 -1.481213 44
-1.265897 3.110062 -0.960319 21
-1.263224 2.948736 -0.937368 21
-1.265548 2.927417 -0.936165 21
-1.260081 2.918838 -0.933071 21
-1.270743 2.789457 -0.918279 21
-1.290695 2.729309 -0.943551 21
-1.292358 2.715209 -0.945625 21
-1.282312 2.639296 -0.913929 21
-0.487172 2.796671 1.373254 0
-0.475042 2.799901 1.408802 0
-0.469101 2.799646 1.476163 0
-1.274902 2.559518 -0.895338 21
-1.284872 2.544017 -0.904990 21
-1.276410 2.521483 -0.895945 21
-0.917073 2.422629 1.461587 13
-0.904025 2.468961 1.438392 13
-1.273940 2.432524 -0.891098 21
-1.284779 2.415181 -0.902505 21
-1.278032 2.387551 -0.903535 21
-1.278837 2.326908 -0.915222 21
-1.280890 2.284205 -0.948819 21
-1.281746 2.260042 -0.960492 21
-1.277473 2.178372 -1.010655 21
-1.274982 2.190687 -0.996655 21
-0.912709 2.411746 1.475072 13
-1.275355 2.087372 -1.140224 21
-1.271443 2.101664 -1.116403 21
-0.913701 2.351512 1.527837 13
-0.897663 2.335792 1.560959 13
-0.891491 2.291696 1.589822 13
-0.864711 2.261232 1.611411 13
-0.844743 2.238915 1.639389 13
-1.191525 0.816627 -0.961417 2
-1.191444 0.816662 -0.960796 2
-1.191521 0.816251 -0.960473 2
-1.199106 0.780198 -0.872979 2
-1.201372 0.758871 -0.805189 2
-1.183789 0.753097 -0.700502 2
-1.193762 0.769641 -0.775853 2
-1.184496 0.748351 -0.674004 2
-1.179191 0.749265 -0.663383 2
-1.180362 0.736461 -0.572401 2
-1.173349 0.708367 -0.462938 2
-1.174439 0.705855 -0.454370 2
-1.172241 0.705740 -0.448864 2
-1.171191 0.689118 -0.340644 2
-1.170379 0.656319 -0.266917 2
-1.179719 0.622784 -0.197236 2
-1.171547 0.596511 -0.108227 2
-1.176475 0.581398 -0.066207 2
-1.182553 0.536802 0.049230 2
-1.185710 0.531530 0.061906 2
-1.179228 0.530798 0.078119 2
-1.172760 0.506507 0.185036 2
-1.184041 0.529996 0.071021 2
-1.161779 0.521951 0.210344 2
-1.158999 0.490428 0.274983 2
-1.141664 0.473833 0.376989 2
-1.156281 0.479833 0.328924 2
-1.130905 0.470298 0.452750 2
-1.117618 0.461076 0.509573 2
-1.117107 0.424403 0.598730 2
-1.091182 0.399945 0.668346 2
-1.812509 0.240516 -0.650439 47
-1.802031 0.337962 -0.660072 47
-1.080946 0.387152 0.719915 2
-1.065345 0.390252 0.792254 2
-1.030281 0.388861 0.852535 2
-1.018232 0.385634 0.900444 2
-0.977503 0.372264 0.964897 2
-0.973768 0.362247 1.001052 2
-0.961158 0.364138 1.015035 2
-0.947545 0.373289 1.014536 2
-0.913086 0.363397 1.131196 2
-0.881381 0.351611 1.170189 2
-0.843995 0.338321 1.259904 2
-0.853533 0.347367 1.217277 2
-0.819798 0.328426 1.283792 2
-0.792699 0.305692 1.311613 2
-0.669057 0.271711 1.442353 2
-1.822738 0.139922 -0.609689 27
-1.812679 0.238618 -0.650135 27
-0.769054 0.295979 1.336251 2
-0.750958 0.288928 1.357631 2
-0.724469 0.268337 1.384446 2
-0.700813 0.290923 1.415854 2
-1.824399 0.080509 -0.608338 27
-1.819742 0.015170 -0.583735 27
-1.816714 -0.066053 -0.567139 27
-1.819605 -0.109883 -0.558594 27
-1.819224 -0.250104 -0.547544 27
-1.819851 -0.261184 -0.546157 27
-1.826640 -0.426923 -0.500677 27
-1.819171 -0.278829 -0.543919 27
-1.832883 -0.524535 -0.504370 27
-1.836481 -0.619248 -0.489875 27
-1.831783 -0.777342 -0.469772 27
-1.827618 -0.885537 -0.448226 27
-1.847506 -1.022964 -0.467550 27
-1.839163 -0.956850 -0.470907 27
-1.826975 -1.096909 -0.428523 27
-1.827341 -1.114346 -0.422951 27
-1.843770 -1.223751 -0.405963 27
-1.848880 -1.268013 -0.426330 27
-1.836134 -1.411806 -0.381824 27
-1.836171 -1.410078 -0.364902 27
-1.836322 -1.442401 -0.356830 27
-1.834388 -1.576722 -0.319838 27
-1.834612 -1.622033 -0.306704 27
-1.848287 -1.732555 -0.337480 27
-1.849087 -1.735701 -0.346355 27
-1.849343 -1.747811 -0.345398 27
-1.856709 -1.861018 -0.330992 27
-1.865817 -1.891947 -0.336969 27
-1.853554 -1.899149 -0.322571 27
-1.849837 -1.950349 -0.294833 27
-1.851820 -2.050942 -0.305268 27
-1.837161 -2.139510 -0.278687 27
-1.824202 -2.189398 -0.262684 27
-1.815631 -2.204571 -0.250151 27
-1.819031 -2.330300 -0.280004 27
-1.818624 -2.266020 -0.265221 27
-1.848865 -2.427327 -0.303946 27
-1.899904 -2.479352 -0.338160 27
-1.875530 -2.435518 0.160975 45
-1.875061 -2.438556 0.178315 45
-1.912271 -2.490591 -0.345337 27
-1.969651 -2.508730 -0.372683 27
-1.862429 -2.453364 0.272619 45
-1.857425 -2.458975 0.320111 45
-2.006300 -2.533313 -0.394506 27
-2.038193 -2.545919 -0.401764 27
-2.069077 -2.568630 -0.419389 27
-2.108334 -2.585504 -0.455177 27
-1.856360 -2.461344 0.330783 48
-1.853441 -2.486561 0.489514 48
-1.830171 -2.484982 0.624982 48
-1.839268 -2.504141 0.576531 48
-2.125348 -2.604169 -0.461467 27
-1.850160 -2.488554 0.511435 48
-1.814140 -2.489493 0.697410 48
-1.806939 -2.505344 0.744730 48
-1.796920 -2.511903 0.818206 48
-1.779681 -2.517678 0.862588 48
-1.750710 -2.534090 0.962054 48
-1.746617 -2.561642 0.994477 48
-1.733681 -2.566058 1.041345 48
-1.725937 -2.600167 1.085065 48
-1.710581 -2.608672 1.141719 48
-1.689409 -2.620304 1.206033 48
-1.670735 -2.630856 1.251500 48
-1.648303 -2.638792 1.304652 48
-1.574639 -2.687162 1.473134 49
-1.564520 -2.696768 1.492459 49
-1.536224 -2.705264 1.543015 49
-1.514203 -2.735949 1.579691 49
-1.497679 -2.760708 1.607917 49
-1.463281 -2.783342 1.655078 49
-1.850676 -3.057369 1.051420 50
-1.792779 -3.127153 1.152282 50
-1.792851 -3.130106 1.152151 50
-1.790940 -3.131860 1.155916 50
-1.789756 -3.130529 1.157819 50
-1.723069 -3.173602 1.293973 50
-1.700362 -3.180197 1.340580 50
-1.653693 -3.189576 1.419454 50
-1.573530 -3.168353 1.532607 50
-1.532289 -3.187420 1.587792 50
-1.611540 -3.182936 1.479803 50
-1.504646 -3.204684 1.618596 50
-1.375924 -3.249659 1.767339 50
-1.426087 -3.237381 1.712790 50
-1.338568 -3.251800 1.806094 50
-1.242930 -3.285446 1.895357 50
-1.458986 -3.225165 1.676703 50
-1.166810 -3.305317 1.974793 51
-1.235229 -3.286331 1.903158 51
-1.915956 -3.653841 0.889071 52
-1.859529 -3.676819 1.001368 52
-2.120095 -4.103389 -0.604906 18
-2.119399 -4.107120 -0.596390 18
-2.117529 -4.106779 -0.581598 18
-2.101168 -4.140992 -0.425679 18
-2.090321 -4.132211 -0.335717 18
-2.079208 -4.153053 -0.298984 18
-2.058029 -4.176832 -0.197835 18
-2.056146 -4.183692 -0.189016 18
-2.054139 -4.188688 -0.175381 18
-2.050310 -4.203078 -0.080925 18
-2.037896 -4.216122 -0.015995 18
-2.031225 -4.213342 0.044369 18
-2.025510 -4.217039 0.075455 18
-2.018856 -4.226104 0.125833 18
-2.014238 -4.230899 0.162713 18
-1.997816 -4.245848 0.227180 18
-1.993593 -4.264938 0.243043 18
-1.988995 -4.252986 0.266355 18
-1.976051 -4.264078 0.328817 18
-1.950238 -4.271931 0.425830 18
-1.946602 -4.282984 0.437440 18
-1.937834 -4.289240 0.465433 18
-1.911277 -4.319670 0.550665 18
-1.879955 -4.318211 0.656799 18
-1.872985 -4.315290 0.684011 18
-1.848727 -4.317195 0.752106 18
-1.651053 -4.304633 1.216721 53
-1.649251 -4.304114 1.220767 53
-1.830064 -4.342207 0.799116 18
-1.787464 -4.387420 0.887989 18
-1.780391 -4.379738 0.907375 18
-1.780143 -4.393554 0.901813 18
-1.396097 -4.335709 1.559801 54
-1.353517 -4.354629 1.594999 54
-1.270474 -4.359381 1.674004 54
-1.222114 -4.366509 1.715463 54
-1.712104 -4.329160 1.076851 53
-1.688912 -4.332351 1.126106 53
-1.139587 -4.370981 1.784333 54
-1.099582 -4.364458 1.819633 54
-0.998766 -4.394698 1.880150 54
-1.068870 -4.384187 1.833483 54
-0.954229 -4.378219 1.912931 54
0.639253 2.775382 1.762270 0
0.643092 2.768304 1.743682 0
0.634949 2.775815 1.646926 0
0.629994 2.775292 1.617702 0
0.641965 2.763732 1.533819 0
0.613719 2.791426 1.492862 0
-0.472784 2.798432 1.506354 0
-0.463452 2.803991 1.535898 0
-0.440517 2.823538 1.640804 0
-0.456696 2.815404 1.659740 0
-0.453877 2.814559 1.697800 0
-0.424303 2.832564 1.793298 0
-0.429640 2.826829 1.809756 0
-0.413116 2.831769 1.897153 0
-0.828865 2.650939 1.308652 43
-0.792964 2.679204 1.301812 43
0.444460 4.961120 -0.566126 55
0.555381 4.961943 -0.521720 55
-0.348387 4.916786 -0.480359 56
-0.337999 4.919586 -0.455154 56
-0.381669 4.909119 -0.617109 56
-0.281245 4.914503 -0.624251 56
-0.192190 4.922904 -0.641687 56
-0.646286 4.917440 -0.633089 57
-0.586097 4.913907 -0.625194 57
-0.113068 4.932301 -0.696980 56
0.007431 4.940699 -0.673134 56
-0.364180 4.924110 -0.837450 58
-0.344514 4.920151 -0.778399 58
0.080159 4.945266 -0.668092 56
-0.379430 4.929483 -0.965954 58
-0.366613 4.932580 -1.031227 58
-0.344780 4.934896 -1.175863 58
-0.334468 4.935649 -1.210606 58
-0.319389 4.943548 -1.372188 58
-0.545367 -4.439297 2.059019 3
-0.551779 -4.314973 2.090847 3
-0.666058 -4.452371 2.017451 32
-0.541289 -4.512613 2.045942 3
-0.539656 -4.542094 2.036293 3
-0.504065 -4.608393 2.036124 3
-0.313618 -4.853195 -1.791811 59
-0.384090 -4.861613 -1.801495 59
-0.258731 -4.846462 -1.775319 59
-0.521728 -4.879175 -1.854331 59
-0.490438 -4.873740 -1.837288 59
0.881284 -4.839348 1.385232 60
0.834869 -4.837810 1.329881 60
-0.649098 -4.830623 1.243392 61
-0.641360 -4.831745 1.164629 61
-0.554169 -4.833477 1.276349 61
-0.484366 -4.834850 1.263113 61
-0.418069 -4.835884 1.279540 62
-0.320531 -4.840118 1.272465 62
0.345798 -4.839536 1.226090 63
0.368495 -4.839984 1.243022 63
0.666055 -4.837588 1.295828 60
0.728685 -4.836636 1.296861 60
0.211947 -4.836968 1.243405 63
0.186344 -4.836225 1.235516 63
0.402818 -4.839685 1.231895 63
0.604616 -4.837147 1.261783 60
-0.739847 -4.830375 1.079108 64
-0.658460 -4.831567 1.113593 64
-0.051609 -4.838825 1.136401 63
-0.000959 -4.839648 1.124563 63
0.088852 -4.839265 1.174284 63
-0.110578 -4.839838 1.138026 63
-0.945153 -4.831651 1.009861 65
-1.010508 -4.828785 0.901515 65
-0.811924 -4.829600 1.056515 65
-0.311634 -4.844470 -1.685990 59
-1.114882 -4.832474 0.776814 65
-1.033294 -4.829203 0.857463 65
-0.442611 -4.826947 0.924016 66
-0.388767 -4.818698 0.857475 66
-0.344788 -4.816167 0.921506 66
-0.302430 -4.823883 0.929998 66
-0.194069 -4.793317 0.930663 66
-0.149160 -4.817616 0.904264 66
-0.128560 -4.838206 0.875683 66
-0.266667 -4.816462 0.962008 66
-0.207729 -4.794280 0.933145 66
0.136883 -4.798065 0.884558 67
0.170331 -4.810384 0.894137 67
0.238776 -4.835908 0.910478 67
0.302093 -4.847574 0.917519 67
0.226094 -4.826172 0.910478 67
0.374572 -4.814468 0.885332 68
0.401099 -4.819298 0.889761 68
0.455240 -4.805027 0.887587 68
0.457253 -4.802531 0.885167 68
0.458104 -4.801943 0.884105 68
0.566100 -4.781864 0.867503 68
0.613785 -4.796651 0.902969 68
-0.057816 -4.821190 0.843545 66
-0.069796 -4.828879 0.849085 66
0.096465 -4.814930 0.864854 67
0.043907 -4.811369 0.865137 67
0.232916 -4.832279 0.910238 67
0.330910 -4.843084 0.877206 68
0.509695 -4.805094 0.870189 68
0.549765 -4.780643 0.860786 68
0.599318 -4.767033 0.851745 68
0.675065 -4.716889 0.818697 68
0.691037 -4.704049 0.804950 68
0.748457 -4.692554 0.765400 68
0.795724 -4.691583 0.745991 68
-1.271452 -4.843727 0.706371 69
-1.168609 -4.834428 0.756116 69
-0.399095 -4.818885 0.831294 70
-0.413901 -4.817244 0.761537 70
0.013473 -4.819277 0.838991 67
-0.026530 -4.812711 0.807366 67
-0.039171 -4.826303 0.749196 67
-0.007366 -4.826763 0.703062 67
0.843104 -4.712576 0.719671 68
0.869524 -4.720957 0.702866 68
0.934376 -4.765921 0.676297 68
0.934389 -4.765934 0.676311 68
-0.372809 -4.803076 0.691619 70
-1.326775 -4.847314 0.625707 69
-0.499196 -4.780430 0.557160 71
-0.475856 -4.782495 0.586009 71
-0.427145 -4.788248 0.622624 71
-0.371402 -4.795823 0.647086 71
-0.358890 -4.802993 0.680773 71
0.980565 -4.758906 0.602044 68
0.934488 -4.765908 0.676142 68
0.934421 -4.765944 0.676291 68
-0.483539 -4.778150 0.543865 71
-0.382686 -4.786117 0.556430 72
-0.360239 -4.793283 0.490290 72
0.976752 -4.759353 0.587642 68
0.971514 -4.766268 0.502475 68
0.947704 -4.769430 0.464789 68
-0.657532 -4.739538 0.379492 73
-0.684131 -4.734386 0.356964 73
-0.772521 -4.736239 0.324154 73
-0.652525 -4.735552 0.364648 73
-0.549614 -4.749505 0.382845 73
-0.643368 -4.735057 0.366224 73
-0.464302 -4.745745 0.368061 73
1.004629 -4.771310 0.422565 68
-0.992625 -4.731096 0.271010 73
-1.048339 -4.734587 0.256920 73
-0.790319 -4.737297 0.310870 73
-0.377493 -4.761733 0.341708 74
-0.456204 -4.748182 0.362969 74
-0.374603 -4.761791 0.341555 74
-0.316979 -4.780979 0.320035 74
-0.185620 -4.797863 0.277285 74
-0.229878 -4.796663 0.307819 74
-0.263906 -4.790201 0.279822 74
0.406267 -4.788171 0.245649 75
0.426044 -4.804999 0.280222 75
0.443659 -4.782252 0.253264 75
0.940606 -4.772862 0.371044 68
1.073152 -4.777842 0.380229 76
1.128473 -4.792798 0.331122 76
-1.187903 -4.808880 0.226995 73
-1.114112 -4.774660 0.248546 73
-1.084305 -4.744127 0.254653 73
-0.928076 -4.732078 0.261748 73
-0.966644 -4.734333 0.253562 73
-0.850745 -4.731964 0.285660 73
-0.805684 -4.734190 0.310213 73
-0.138755 -4.797983 0.257283 74
0.275533 -4.804634 0.234431 75
0.321661 -4.794587 0.229444 75
0.356349 -4.799684 0.252257 75
0.639439 -4.766304 0.276735 75
0.539549 -4.756863 0.243933 75
0.721698 -4.772351 0.279284 75
0.952261 -4.770967 0.338112 68
0.874421 -4.743957 0.219111 77
0.848621 -4.754640 0.241292 77
1.056311 -4.779405 0.298270 76
-1.194030 -4.810522 0.218173 73
-1.273958 -4.827244 0.170023 73
-0.922898 -4.778230 0.129598 78
-0.921971 -4.768771 0.143570 78
-0.051531 -4.813211 0.210757 74
0.263417 -4.817032 0.173660 75
0.782550 -4.757682 0.261721 77
0.909042 -4.762805 0.201958 77
0.939496 -4.769234 0.211572 77
0.977146 -4.785493 0.179588 77
-1.287084 -4.828099 0.081579 73
-1.301837 -4.832440 0.088994 73
-1.285149 -4.827435 0.091519 73
-0.923104 -4.806416 0.079020 78
1.155860 -4.801502 0.175209 11
1.184034 -4.804027 0.125449 11
1.222864 -4.804185 0.089324 11
-1.309746 -4.847673 0.007281 73
0.125768 -4.778202 0.004530 79
0.131889 -4.776973 -0.000019 79
0.269473 -4.782036 -0.047690 79
0.189140 -4.789235 -0.017097 79
0.289728 -4.795987 -0.003541 79
1.259164 -4.797658 -0.008511 11
-1.350542 -4.854787 -0.071648 73
-1.335816 -4.848964 -0.032055 73
-0.446875 -4.828557 -0.048296 80
-0.544047 -4.823134 -0.014574 80
0.077908 -4.791144 0.027697 79
0.060865 -4.806741 0.076718 79
1.260860 -4.797530 -0.026251 11
-1.129328 -4.857003 -0.139153 81
-1.182327 -4.860596 -0.127908 81
-1.098613 -4.859542 -0.153163 81
-1.071353 -4.857378 -0.164390 81
-0.410709 -4.832524 -0.081239 80
-0.161631 -4.807043 -0.098543 82
-0.194560 -4.817146 -0.050295 82
-0.083993 -4.801636 -0.090103 82
0.979313 -4.803015 -0.016448 83
0.966255 -4.802338 -0.051284 83
1.267348 -4.791620 -0.148351 11
-0.573624 -4.892297 -1.920139 59
-1.526886 -4.857358 -0.335817 84
-1.492681 -4.861625 -0.268573 84
-1.463060 -4.861163 -0.246471 84
-1.411672 -4.854546 -0.173285 84
-1.382535 -4.854252 -0.130861 73
-1.048020 -4.860803 -0.178114 81
-0.994064 -4.854577 -0.199132 81
-0.871178 -4.843128 -0.236714 85
-0.846134 -4.852648 -0.227751 85
-0.783447 -4.859923 -0.223168 85
-0.500133 -4.827982 -0.222266 86
-0.411822 -4.839457 -0.187335 86
-0.455916 -4.799601 -0.273861 86
-0.085105 -4.801915 -0.105462 82
-0.066112 -4.803546 -0.160646 82
0.405270 -4.799601 -0.101958 87
0.338643 -4.785210 -0.077151 87
0.464437 -4.801554 -0.137945 87
0.506765 -4.804590 -0.147034 87
0.421482 -4.800126 -0.109880 87
0.579351 -4.807746 -0.173480 87
0.610255 -4.810747 -0.157462 87
0.715265 -4.802353 -0.118406 87
0.899565 -4.796444 -0.083587 83
0.826223 -4.809483 -0.116087 83
0.890378 -4.797645 -0.086178 83
0.895899 -4.798819 -0.087610 83
1.267308 -4.791584 -0.148916 11
-0.641884 -4.898728 -1.907918 59
-0.992330 -4.878347 -0.280569 85
-0.984744 -4.852787 -0.197543 85
-0.916482 -4.846393 -0.223281 85
-0.906406 -4.848559 -0.230782 85
-0.353698 -4.790379 -0.267373 88
-0.290162 -4.803099 -0.282587 88
-0.242816 -4.802510 -0.300758 88
0.749408 -4.802164 -0.121889 83
1.310639 -4.784328 -0.269305 11
1.313854 -4.789507 -0.236706 11
-0.989372 -4.879790 -0.284674 85
-0.501127 -4.829096 -0.224272 86
-0.502179 -4.828979 -0.222531 86
-0.492071 -4.835591 -0.316839 86
-0.499767 -4.865834 -0.340817 86
-0.231184 -4.799233 -0.323389 88
-0.201667 -4.781002 -0.349885 88
-0.161067 -4.777878 -0.351904 88
0.107547 -4.786543 -0.365612 89
0.167939 -4.803082 -0.371217 89
1.344836 -4.774621 -0.350123 11
1.336370 -4.772683 -0.386073 11
-1.598641 -4.863831 -0.478586 90
-1.616987 -4.863570 -0.479186 90
-1.305221 -4.831333 -0.519682 91
-1.318228 -4.831723 -0.523326 91
-1.323716 -4.831117 -0.528915 91
-1.190080 -4.839904 -0.524411 91
-1.230157 -4.836612 -0.516335 91
-0.729696 -4.825006 -0.502102 91
-0.715816 -4.826155 -0.495009 91
-0.804351 -4.830658 -0.500307 91
-0.561715 -4.855059 -0.417845 91
-0.610355 -4.846310 -0.445305 91
-0.035435 -4.732127 -0.432890 89
-0.030972 -4.728387 -0.424825 89
-0.078768 -4.759527 -0.469400 89
0.057728 -4.761284 -0.391869 89
0.031505 -4.754221 -0.397700 89
-1.566678 -4.822146 -0.609451 92
-1.571293 -4.823002 -0.607931 92
-1.565802 -4.822404 -0.608654 92
-1.563346 -4.822658 -0.608539 92
-1.385553 -4.861227 -0.536909 91
-1.438451 -4.855384 -0.546524 91
-1.164457 -4.828770 -0.558100 91
-1.078762 -4.831846 -0.599271 91
-1.107115 -4.838427 -0.581877 91
-1.011190 -4.832044 -0.601684 91
-0.920729 -4.882861 -0.569252 91
-0.909285 -4.893991 -0.552898 91
-0.895531 -4.885239 -0.545290 91
-0.827030 -4.838893 -0.505910 91
-0.818212 -4.833231 -0.500726 91
-0.649297 -4.829405 -0.538836 91
1.074669 -4.763454 -0.535426 93
1.156582 -4.770448 -0.511915 93
1.197667 -4.769975 -0.529499 93
1.434481 -4.802324 -0.523634 11
1.451930 -4.810625 -0.543617 11
-1.748800 -4.879457 -0.577408 92
-1.711900 -4.863221 -0.581628 92
-1.661473 -4.849838 -0.579781 92
-1.678375 -4.852396 -0.578168 92
-1.565483 -4.821843 -0.610642 92
-1.469924 -4.831084 -0.681546 92
-1.481938 -4.827814 -0.683612 92
-1.456953 -4.833656 -0.693235 92
-0.981601 -4.837244 -0.611937 91
-0.575010 -4.846386 -0.595011 94
-0.626110 -4.828469 -0.552314 94
0.984421 -4.764604 -0.577735 93
1.073107 -4.763396 -0.535287 93
1.279474 -4.777996 -0.540065 93
-1.443617 -4.832856 -0.712898 92
-1.386752 -4.843906 -0.764791 92
-0.531663 -4.841789 -0.610496 94
-0.480173 -4.837431 -0.632519 94
-0.435290 -4.825173 -0.648196 94
-0.358674 -4.817076 -0.648258 94
-0.397852 -4.813802 -0.638066 94
-0.294760 -4.809783 -0.681676 94
-0.305751 -4.807703 -0.672559 94
-0.278582 -4.806556 -0.687075 94
-0.231282 -4.813866 -0.717325 94
0.783834 -4.753764 -0.696390 95
0.766025 -4.754994 -0.706989 95
0.809311 -4.752054 -0.689762 95
0.925625 -4.766844 -0.671068 95
0.966522 -4.784504 -0.741740 95
0.915741 -4.765107 -0.673359 95
0.939022 -4.767408 -0.668382 93
1.258937 -4.782224 -0.629017 96
1.221502 -4.792703 -0.724101 96
-0.180654 -4.810042 -0.739302 94
-0.111591 -4.795907 -0.763792 94
-0.105373 -4.795776 -0.765688 94
-0.096086 -4.794824 -0.771001 94
0.043287 -4.820486 -0.747108 97
0.080369 -4.821388 -0.706283 97
0.460184 -4.835573 -0.781014 98
0.465772 -4.834722 -0.778793 98
0.469072 -4.834046 -0.777508 98
0.510276 -4.831140 -0.741411 98
0.609357 -4.802797 -0.724366 95
0.687424 -4.789473 -0.705916 95
-1.315116 -4.831833 -0.824405 92
-1.315192 -4.832489 -0.825942 92
-0.051126 -4.808896 -0.816992 94
-0.028587 -4.828871 -0.861500 94
0.431223 -4.849923 -0.809681 98
0.531711 -4.839562 -0.748247 98
0.595797 -4.810386 -0.728937 98
1.210429 -4.795078 -0.749041 96
-1.312194 -4.831642 -0.829394 92
-1.259746 -4.835424 -0.905161 92
1.199276 -4.810558 -0.881391 96
1.199559 -4.810361 -0.880009 96
-0.101923 -4.856010 -1.839352 30
-1.236816 -4.827472 -0.931323 92
-1.165057 -4.810279 -1.028237 92
-1.194786 -4.823960 -0.978378 92
-1.159315 -4.810117 -1.038692 92
-0.022284 -4.819901 -0.940691 99
-0.020706 -4.813779 -0.961640 99
1.199194 -4.810640 -0.882171 96
1.154499 -4.825424 -0.986937 96
-1.118150 -4.815683 -1.086824 92
-0.998443 -4.841909 -1.096504 100
-0.971194 -4.855674 -1.077367 100
-0.951879 -4.859176 -1.089678 100
-0.931754 -4.865234 -1.086104 100
-0.766016 -4.912364 -1.029819 100
-0.745100 -4.909756 -0.977243 100
-0.761313 -4.909980 -1.046059 100
-0.838081 -4.908802 -1.062896 100
-0.689737 -4.907955 -1.008665 100
-0.677036 -4.908484 -1.008434 100
0.900080 -4.831387 -1.008298 101
0.929165 -4.827947 -0.964698 101
-1.115154 -4.816055 -1.088483 92
-1.096345 -4.834632 -1.146989 92
-1.099797 -4.837068 -1.157333 92
-0.207882 -4.862729 -1.132972 102
-0.159243 -4.847591 -1.123314 102
-0.119131 -4.838726 -1.111970 102
-0.091361 -4.828565 -1.100455 102
-0.015619 -4.815805 -1.089367 102
1.157577 -4.823684 -1.042710 96
1.164109 -4.826202 -1.070884 96
-1.096351 -4.850166 -1.243355 92
-1.098710 -4.842045 -1.197829 92
-0.304099 -4.884024 -1.132847 102
-0.271751 -4.874841 -1.148822 102
0.015978 -4.807976 -1.079035 102
0.130339 -4.812344 -1.100089 102
0.138331 -4.817717 -1.107767 102
0.151070 -4.825172 -1.120733 102
0.199575 -4.831234 -1.156856 102
0.239965 -4.838420 -1.180985 102
0.309928 -4.830566 -1.174353 102
0.387723 -4.834749 -1.196793 102
0.845909 -4.840578 -1.046110 101
0.920745 -4.857725 -1.128875 101
0.888199 -4.850141 -1.098897 101
1.143841 -4.823806 -1.140116 96
1.131092 -4.822815 -1.169450 96
-1.092271 -4.848242 -1.253765 92
-1.096658 -4.850459 -1.249816 92
-1.078777 -4.844706 -1.333881 92
0.289596 -4.833922 -1.184724 102
0.438487 -4.835308 -1.238839 102
0.479403 -4.836826 -1.235284 102
0.545387 -4.830548 -1.248041 102
0.565285 -4.821534 -1.237516 102
0.605762 -4.845481 -1.251103 102
1.115905 -4.837151 -1.248891 96
1.117195 -4.832583 -1.202173 96
-1.043154 -4.825057 -1.379680 92
-1.033006 -4.820222 -1.398770 92
1.064860 -4.848149 -1.283108 96
1.106835 -4.835966 -1.259499 96
-1.152658 -4.857489 -1.381516 103
-1.177828 -4.871802 -1.426598 103
-0.970206 -4.847070 -1.417489 92
-0.942163 -4.854690 -1.413605 92
-0.845601 -4.870582 -1.402245 92
-0.804730 -4.874081 -1.405663 92
-0.761834 -4.860571 -1.417783 92
-0.733507 -4.860742 -1.415936 92
1.034969 -4.853080 -1.331818 96
1.016829 -4.845730 -1.369614 96
1.023753 -4.838906 -1.397996 96
0.946586 -4.812645 -1.456172 96
-0.918576 -4.888184 -1.445296 92
-0.863295 -4.881088 -1.421187 92
-0.693372 -4.869535 -1.420467 92
-0.676020 -4.868990 -1.424270 92
-0.595996 -4.867306 -1.432203 92
-0.590876 -4.868649 -1.449548 92
-0.489030 -4.848426 -1.452104 92
-0.569247 -4.866052 -1.450264 92
-0.475775 -4.847297 -1.453459 104
-0.393998 -4.855381 -1.467542 104
-0.354884 -4.843228 -1.477479 104
-0.187209 -4.814284 -1.511090 104
-0.236626 -4.822571 -1.485659 104
-0.270224 -4.818153 -1.481314 104
-0.116342 -4.815996 -1.511148 104
-0.089681 -4.815109 -1.513456 104
0.016708 -4.827117 -1.507478 104
0.911613 -4.828835 -1.441937 96
0.848072 -4.809104 -1.484028 96
-0.310808 -4.834686 -1.469187 104
0.028538 -4.825783 -1.509889 105
0.132727 -4.833697 -1.512581 105
0.403082 -4.822238 -1.544832 105
0.407157 -4.823689 -1.543803 105
0.410928 -4.821899 -1.545170 105
0.576332 -4.848907 -1.535155 105
0.517051 -4.848298 -1.546015 105
0.499099 -4.834866 -1.552475 105
0.668574 -4.856948 -1.518241 106
0.605038 -4.845440 -1.527987 106
0.699912 -4.858932 -1.522929 106
0.678899 -4.849893 -1.487428 106
0.802978 -4.811720 -1.488887 106
0.779661 -4.831827 -1.518023 106
0.809830 -4.809826 -1.490615 96
0.811561 -4.812702 -1.496800 96
0.165968 -4.834609 -1.527605 105
0.259083 -4.811201 -1.530697 105
0.259718 -4.811432 -1.530778 105
0.260240 -4.811327 -1.530665 105
0.340684 -4.848988 -1.548211 105
0.463956 -4.842688 -1.557002 105
0.817153 -4.865277 -1.568172 96
0.812701 -4.864716 -1.567609 96
1.345524 3.750050 -1.190838 5
26.384840 0.746195 752.071090
2.963976 0.724128 8.921983
49.204497 0.869695 2399.747089
16.285799 0.844740 444.146427
0.345603 0.475374 1.290944
14.492177 0.689370 347.960009
0.010474 0.779141 0.004992
3.286879 0.711327 10.704054
9.895446 0.918371 102.172819
7.832829 0.751679 141.718939
4.780675 0.753151 42.912427
1.365623 0.719759 6.002499
3.048129 0.778469 21.376212
18.814728 0.681221 370.668600
0.448489 0.537095 0.605772
5.197807 0.730464 41.800701
0.142514 0.479210 0.278769
0.098459 0.730252 0.064710
9.973558 0.711352 198.659167
0.001957 0.417726 0.004605
0.004528 0.837717 0.004810
12.097869 0.675846 210.407043
0.070237 0.690121 0.129783
0.037113 0.644675 0.051233
0.030525 0.417101 0.055600
0.024479 0.614822 0.018869
0.009191 0.666123 0.011838
14.781313 0.872676 240.300675
0.076509 0.492565 0.184013
0.013557 0.183904 0.026476
0.037688 0.736563 0.008827
4.335779 0.738800 18.141282
0.123569 0.426545 0.284882
0.534391 0.569320 2.415572
0.402997 0.869918 1.706389
0.326201 0.673359 0.673500
0.030166 0.465539 0.005447
0.008083 0.244644 0.000323
0.166215 0.681218 0.236744
0.208091 0.418510 0.843550
1.827605 0.627148 9.383123
0.072496 0.116428 0.084739
0.015767 0.584099 0.004742
0.596965 0.437356 1.129055
2.091946 0.734663 13.157164
2.263926 0.828602 4.968790
2.159151 0.560142 13.469421
0.230799 0.595008 0.103467
3.300610 0.874123 19.724208
0.233198 0.356576 0.465115
1.089280 0.601412 12.450305
0.061734 0.035843 0.078372
0.028517 0.656929 0.047074
0.084235 0.306954 0.056208
0.714230 0.517221 2.062776
0.015860 0.472671 0.013792
0.143611 0.505379 0.550328
0.012332 0.361253 0.007069
0.098211 0.799052 0.260237
0.318495 0.682099 0.684936
0.112798 0.666235 0.472528
0.142600 0.733035 0.224176
0.095376 0.763327 0.060438
0.506879 0.744047 2.414154
0.042655 0.935367 0.013449
0.134747 0.695801 0.308594
1.800558 0.502582 19.872811
2.775994 0.735884 21.793186
8.539151 0.751600 88.244679
0.046918 0.685820 0.102339
0.297221 0.508064 0.447784
0.275083 0.691420 0.407894
0.052033 0.480161 0.038330
4.855896 0.762165 42.291759
1.137085 0.805726 3.402234
2.759761 0.841026 18.936826
0.225577 0.566988 0.292021
0.894260 0.602801 2.689945
0.223593 0.659063 0.151967
0.619922 0.483668 3.354921
0.178564 0.651141 0.347859
0.325320 0.750828 0.958833
0.150559 0.455682 0.544200
0.616423 0.671229 1.238747
0.455561 0.861768 1.437636
0.693401 0.521354 3.237140
0.602006 0.511590 6.898699
0.999576 0.819737 3.079107
0.467750 0.654635 1.586574
1.265201 0.573498 3.365545
0.031496 0.691454 0.011221
3.655214 0.734043 42.719307
7.526027 0.697787 110.816019
0.810579 0.865267 0.528848
1.452152 0.665680 10.179225
1.740534 0.766814 4.835431
4.217511 0.787380 45.580824
0.047376 0.804325 0.062056
0.662180 0.737206 1.842876
0.032246 0.803501 0.018603
1.040467 0.647055 5.537336
0.302246 0.384826 1.010665
5.704648 0.786849 55.646783
0.123237 0.530985 0.089109
1.745204 0.791796 6.856080
3.373471 0.878996 14.795710
1.671289 0.636061 5.108844
0 1 140
1 2 141
2 3 143
0 4 153
5 4 154
3 6 155
7 8 156
9 7 157
6 9 158
10 8 168
11 12 170
13 14 171
14 11 172
13 15 173
16 17 174
15 18 175
17 18 176
19 20 177
10 20 179
21 19 180
22 23 188
23 21 189
24 25 233
25 26 234
27 28 464
29 28 465
30 31 466
32 30 467
33 31 468
34 33 469
34 29 470
35 36 471
36 37 472
38 32 476
38 39 478
37 40 482
39 40 483
41 42 489
43 27 490
43 44 491
45 46 646
47 48 665
47 49 668
49 50 669
50 51 678
51 52 679
53 52 699
54 53 701
55 54 711
56 55 723
57 56 724
57 58 734
58 59 755
60 59 756
60 61 766
62 61 768
63 62 779
64 63 792
64 65 800
66 65 801
67 66 803
68 69 823
68 70 825
16 71 873
72 71 874
73 74 878
74 75 881
72 75 882
76 77 885
22 76 886
24 78 891
79 80 893
81 80 894
79 82 897
83 82 898
84 85 1037
86 85 1038
86 87 1040
88 87 1041
88 89 1042
90 91 1231
92 93 1256
92 94 1257
95 96 1267
94 95 1269
97 96 1270
97 98 1274
99 100 1311
101 99 1315
102 101 1326
102 103 1353
104 105 1360
106 107 1375
108 109 1377
107 109 1378
106 110 1387
111 110 1388
112 113 1399
113 111 1400
114 112 1433
115 114 1434
115 116 1438
117 116 1439
118 119 1478
120 121 1479
119 120 1480
122 123 1515
124 125 1587
126 127 1592
128 127 1593
129 130 1617
124 131 1619
126 132 1622
129 133 1648
134 133 1652
131 130 1656
135 136 1678
137 136 1679
135 138 1680
139 138 1682
140 139 1684
140 134 1685
141 137 1705
142 143 1722
144 145 1723
146 147 1738
148 149 1968
150 151 1977
150 152 1988
153 152 1998
153 154 2012
155 154 2019
155 156 2028
157 156 2055
158 159 2058
158 160 2060
161 162 2094
162 163 2101
164 160 2118
165 166 2284
167 168 2287
169 170 2303
171 170 2304
171 172 2305
173 172 2306
174 165 2308
167 166 2309
168 175 2313
176 177 2320
177 169 2321
178 179 2342
179 180 2343
180 176 2344
181 182 2365
181 183 2366
184 185 2367
184 186 2368
185 187 2371
187 188 2372
188 189 2375
189 190 2376
178 190 2377
191 192 2387
193 182 2389
186 193 2392
194 195 2405
196 197 2406
196 198 2408
191 199 2412
198 199 2413
200 183 2415
200 192 2416
201 202 2425
203 194 2436
203 204 2438
195 197 2449
205 206 2616
90 206 2617
207 208 2628
91 207 2630
209 210 2636
211 208 2637
209 211 2638
210 93 2648
212 98 2696
213 214 2698
215 216 2699
216 217 2702
218 219 2711
218 73 2712
220 221 2721
222 220 2724
215 213 2726
221 223 2747
224 223 2749
225 224 2773
226 225 2774
226 227 2775
228 227 2791
229 77 2807
230 228 2814
231 232 2829
229 231 2830
230 100 2838
232 233 2850
233 78 2867
234 235 2881
81 26 2897
105 103 2913
236 237 2926
83 237 2927
238 239 2947
238 240 2948
240 236 2951
241 108 2958
241 104 2959
239 242 2974
243 244 2975
242 245 2992
246 247 2993
248 249 3003
249 250 3005
251 250 3006
252 253 3041
253 254 3044
255 256 3072
255 257 3098
258 259 3114
259 257 3115
260 261 3135
262 260 3136
261 263 3137
264 265 3138
263 264 3139
265 266 3140
258 267 3141
266 267 3142
268 269 3143
269 270 3144
141 271 3301
143 146 3328
144 142 3331
145 272 3332
271 272 3333
273 274 3363
274 275 3364
147 275 3365
276 273 3399
276 277 3400
278 279 3436
44 41 3439
280 281 3443
281 282 3445
277 282 3446
283 35 3459
284 283 3462
284 285 3465
286 285 3466
278 286 3467
287 279 3470
288 280 3471
287 289 3472
289 288 3475
290 291 3557
292 293 3568
294 292 3569
293 291 3570
295 296 3596
294 296 3597
295 297 3606
298 297 3618
298 299 3622
300 299 3645
300 301 3646
302 303 3668
301 303 3669
304 305 3687
305 302 3688
304 306 3704
307 306 3705
308 307 3715
309 310 3750
311 312 3757
313 312 3759
311 314 3780
315 314 3783
315 316 3799
316 317 3801
317 318 3818
319 318 3819
320 321 3843
319 321 3847
320 322 3855
322 148 3856
149 151 3885
159 323 3958
324 325 3977
326 324 3978
327 325 3979
326 328 3980
327 323 3981
161 164 3986
329 330 3987
331 328 3997
330 163 4007
332 333 4011
329 333 4012
334 335 4027
331 335 4028
336 337 4053
338 337 4054
336 339 4055
339 340 4056
340 341 4057
334 341 4058
342 343 4078
342 338 4079
344 345 4100
346 345 4101
343 347 4102
346 347 4104
348 349 4118
350 348 4120
351 344 4121
350 351 4122
352 353 4163
352 349 4165
354 355 4351
356 357 4356
358 357 4357
359 354 4360
359 356 4361
360 361 4362
355 361 4363
204 362 4365
362 360 4366
363 205 4453
364 363 4454
365 366 4503
367 368 4511
368 369 4512
366 367 4514
369 370 4522
371 370 4531
372 371 4532
372 373 4534
374 234 4539
235 373 4540
375 374 4550
376 377 4560
378 376 4561
377 375 4562
379 378 4565
379 380 4578
381 382 4584
381 383 4588
383 380 4589
384 385 4648
386 387 4649
387 385 4650
388 389 4651
384 118 4659
389 386 4660
390 388 4662
128 391 4726
392 391 4728
392 393 4729
309 308 4823
394 395 4983
395 396 4985
175 394 4986
397 393 5047
398 397 5048
399 400 5115
400 401 5117
402 399 5121
403 402 5122
404 401 5128
405 406 5132
405 407 5136
407 404 5137
408 406 5147
409 410 5207
411 410 5209
411 412 5210
413 412 5211
409 414 5217
364 414 5218
415 416 5345
417 416 5346
417 390 5347
415 418 5348
419 418 5357
398 420 5427
421 420 5428
422 423 5429
421 422 5430
424 425 5431
424 423 5432
425 426 5434
408 427 5677
427 428 5684
429 430 5694
431 429 5695
428 431 5696
432 433 5707
432 430 5708
434 433 5709
434 435 5721
435 436 5729
437 438 5742
436 439 5743
437 439 5744
440 441 5779
442 440 5780
443 444 5786
444 445 5787
446 447 5972
446 448 5974
449 448 5976
450 451 5984
450 452 5986
451 447 5987
453 454 5990
449 454 5991
455 456 5993
403 456 5994
452 457 5996
458 459 6183
460 461 6192
462 463 6212
464 462 6213
465 466 6214
464 466 6215
467 468 6459
469 470 6465
471 472 6472
473 474 6516
475 476 6716
477 478 6745
477 479 6746
480 481 7001
482 481 7035
483 484 7037
482 485 7054
486 487 7091
488 489 7093
489 485 7094
487 490 7127
491 488 7131
492 493 7172
493 494 7191
495 496 7219
497 496 7220
498 494 7224
499 498 7241
500 501 7290
502 503 7389
504 505 7456
506 507 7486
505 506 7487
508 509 7502
510 509 7521
507 511 7526
512 511 7542
513 514 7774
515 516 7796
517 516 7797
517 518 7798
518 513 7799
519 520 7805
521 522 7806
520 521 7807
453 515 7820
523 524 7823
525 524 7824
526 525 7825
526 527 7826
519 527 7827
522 528 7831
529 528 7832
530 529 7834
531 530 7835
531 532 7836
533 532 7837
534 533 7838
534 459 7839
535 457 7847
455 535 7848
458 460 7866
461 536 7867
536 537 7868
538 537 7888
539 540 7890
538 540 7891
541 539 7912
542 541 7913
542 543 7915
543 544 7930
545 544 7932
546 545 7953
547 546 7954
548 463 7956
548 547 7957
549 550 8247
551 552 8318
552 553 8319
554 555 8371
555 465 8377
554 556 8380
557 558 8385
559 556 8386
560 561 8507
562 560 8508
563 564 8509
563 561 8510
565 564 8513
565 566 8514
567 566 8515
568 567 8516
568 569 8517
570 571 8519
572 570 8520
573 572 8521
571 574 8523
575 576 8528
577 576 8530
577 578 8532
562 578 8533
579 580 8568
579 581 8574
582 583 8588
584 585 8603
586 585 8609
587 588 8688
589 590 8708
591 587 8709
592 591 8710
593 594 8807
595 594 8808
596 595 8809
597 598 8826
599 598 8827
600 601 9033
602 601 9034
603 602 9035
603 604 9042
605 606 9056
607 606 9057
608 609 9197
573 608 9198
609 610 9201
611 610 9202
611 612 9205
613 5 9208
614 615 9209
613 614 9210
616 617 9211
615 617 9212
612 618 9213
616 618 9214
619 588 9304
619 620 9305
620 621 9306
622 623 9307
621 622 9308
623 624 9310
625 626 9315
627 626 9316
243 625 9318
628 629 9349
627 628 9350
629 624 9351
630 244 9356
630 631 9357
632 633 9359
634 632 9360
634 631 9361
635 633 9363
636 635 9364
637 636 9365
638 637 9366
639 640 9367
638 640 9368
268 639 9369
641 270 9370
642 643 9371
641 643 9372
642 262 9373
644 645 9507
644 646 9508
647 648 9511
647 649 9515
650 651 9517
651 652 9518
653 654 9533
654 655 9534
656 655 9535
656 646 9536
657 652 9544
658 659 9545
660 661 9546
662 663 9623
664 663 9625
665 664 9627
599 593 9736
666 667 9738
596 668 9739
668 667 9740
669 670 9741
670 671 9742
666 671 9743
669 672 9745
672 673 9747
673 674 9766
675 676 9767
674 675 9768
677 676 9770
678 677 9771
678 679 9772
42 680 9773
680 681 9774
679 681 9775
682 683 9866
684 682 9867
685 686 9871
687 685 9882
687 683 9883
688 689 10022
690 691 10035
688 690 10036
691 692 10053
692 693 10054
693 694 10066
695 696 10078
694 696 10079
697 698 10098
699 700 10116
695 701 10118
702 700 10119
702 701 10120
699 703 10130
704 703 10150
705 706 10357
707 708 10370
707 709 10391
710 711 10392
710 708 10393
711 712 10394
709 713 10412
714 712 10413
715 714 10414
716 715 10415
717 718 10416
716 717 10417
718 719 10418
719 720 10420
721 722 10421
720 721 10422
722 723 10426
724 725 10441
713 725 10443
723 46 10455
724 726 10466
727 45 10475
728 727 10478
729 730 10479
728 729 10480
730 731 10481
726 732 10496
733 732 10497
734 731 10508
735 733 10514
735 736 10516
734 737 10524
737 738 10525
739 736 10536
738 740 10546
48 740 10547
741 739 10562
741 742 10563
742 743 10571
743 744 10584
745 744 10596
746 745 10606
747 748 10614
746 747 10615
749 748 10623
750 749 10624
750 751 10636
751 600 10638
752 575 10700
753 754 10706
755 584 10707
755 754 10708
756 757 10711
756 758 10713
586 757 10714
759 760 10721
758 761 10722
590 592 10750
762 763 10925
764 765 10938
766 767 10942
764 768 10943
769 768 10944
766 769 10945
770 771 10947
767 771 10950
770 772 10953
773 772 10959
773 774 10961
775 774 10962
776 777 10969
776 775 10970
778 777 10982
779 780 11018
779 781 11019
782 783 11020
780 782 11021
784 478 11026
784 785 11027
786 785 11030
783 479 11039
787 788 11122
789 787 11132
790 791 11134
788 790 11135
789 792 11138
793 792 11139
794 795 11141
796 797 11142
795 797 11143
798 799 11230
800 801 11268
802 801 11269
803 804 11271
805 804 11272
806 807 11274
806 808 11276
800 808 11277
809 810 11347
811 810 11348
812 813 11367
814 813 11368
815 812 11377
816 815 11379
817 818 11384
818 819 11385
820 817 11387
819 821 11390
816 821 11391
822 823 11495
824 822 11496
825 826 11501
823 825 11502
826 827 11503
828 829 11504
829 827 11514
828 830 11515
830 831 11516
832 831 11533
833 834 11542
835 834 11548
761 836 11606
837 838 11615
837 759 11616
839 840 11655
839 553 11656
841 551 11662
842 841 11663
781 842 11664
843 844 11726
845 843 11727
846 847 11735
845 846 11736
848 791 11738
848 847 11740
559 557 11969
558 849 11972
850 851 11981
852 850 11982
851 849 11984
853 852 12007
811 853 12010
854 809 12033
854 814 12041
835 855 12260
856 857 12288
857 858 12289
859 858 12290
859 860 12291
856 861 12312
862 863 12316
863 860 12317
862 864 12334
865 864 12336
752 866 12348
574 867 12349
868 867 12350
471 865 12367
868 869 12382
870 869 12384
871 872 12418
472 872 12419
870 873 12427
581 873 12428
473 871 12440
474 874 12461
583 580 12475
875 762 12483
876 582 12497
874 877 12507
877 878 12508
879 753 12520
876 879 12521
763 880 12531
878 881 12535
880 765 12567
881 882 12570
883 882 12573
883 884 12592
884 885 12624
885 886 12626
886 887 12659
888 887 12660
836 889 12673
890 889 12675
891 890 12676
888 892 12686
893 892 12687
894 893 12715
895 896 12739
894 897 12757
898 897 12781
899 898 12782
900 899 12783
900 901 12830
902 901 12870
476 903 12892
902 904 12893
903 904 12894
905 895 12910
786 906 12916
907 475 12917
906 907 12919
905 908 12933
909 910 12934
908 909 12935
910 911 12936
911 912 12958
912 589 12972
796 483 13161
793 794 13162
913 484 13197
913 914 13198
915 914 13199
916 915 13232
916 917 13233
918 919 13234
917 919 13235
920 918 13271
921 920 13272
921 922 13273
923 922 13274
924 923 13326
925 924 13330
925 926 13331
926 927 13332
928 927 13376
928 929 13377
929 930 13423
930 931 13424
931 932 13430
933 934 13466
935 932 13467
936 937 13468
934 936 13469
933 935 13522
938 939 13527
939 937 13528
940 941 13530
938 940 13531
942 941 13580
943 942 13585
944 945 13603
946 943 13625
946 947 13626
948 949 13629
947 948 13630
949 950 13632
951 952 13680
950 951 13681
952 953 13682
953 954 13684
954 955 13685
956 957 13687
957 955 13688
958 956 13690
959 958 13691
960 597 13698
961 962 13704
963 964 13734
959 963 13735
965 966 13737
964 965 13738
960 966 13739
967 968 13788
961 967 13789
968 969 13816
969 970 13817
970 971 13840
972 971 13866
973 974 13923
974 972 13924
973 975 13965
976 975 13992
976 502 14021
503 977 14051
977 978 14066
979 980 14077
980 978 14078
981 982 14138
983 984 14156
982 983 14157
984 985 14191
986 987 14207
986 985 14208
988 987 14223
989 988 14241
990 989 14265
990 991 14297
992 993 14318
991 992 14319
994 993 14339
995 994 14340
996 995 14341
798 996 14357
799 997 14358
997 998 14393
998 999 14418
999 1000 14441
1001 1002 14442
1000 1002 14443
1001 803 14470
1003 805 14486
1003 1004 14511
1005 802 14512
1006 1005 14513
1004 1007 14540
1007 1008 14543
1009 1010 14545
1009 1006 14547
1011 1008 14570
1012 1013 14572
1013 1014 14573
1012 1011 14576
1015 1016 14585
1017 1018 14588
1014 1019 14607
1020 1016 14621
1018 1020 14622
1017 1021 14625
1021 1022 14629
1022 1023 14630
1024 1023 14631
1024 1025 14632
1026 1025 14668
1027 1028 14669
1027 1026 14670
1029 1028 14671
1029 1030 14672
1031 1030 14701
1031 1032 14704
1033 1034 14739
1034 1035 14767
1035 1036 14769
1036 1037 14770
1038 1037 14771
1039 1040 14896
1041 1040 14913
1041 1042 14914
1042 1043 14915
1043 1044 14916
1045 1044 14917
1046 1045 14918
1047 1048 14919
1046 1049 14943
1047 1049 14945
1048 1050 14948
1051 1052 14950
1053 1051 14951
1053 1054 14952
1055 1050 14965
1052 1055 14968
1056 1057 14975
1058 1059 15102
820 1060 15180
1061 1060 15256
1062 1061 15258
1062 1063 15261
1064 1063 15263
1065 1064 15264
1065 1066 15265
1067 1066 15266
1067 1068 15301
1068 1069 15302
1070 1071 15303
1070 1069 15304
1072 1071 15328
1072 1073 15329
1074 1073 15330
1074 1075 15333
1075 1076 15335
1077 1076 15336
1077 1078 15337
1078 1079 15360
1080 1079 15362
1080 1081 15366
1081 1082 15367
1082 1083 15368
1084 1083 15369
1084 1085 15370
1086 1087 15375
1088 1085 15397
1088 1089 15398
1090 1089 15399
1091 1090 15400
1092 1093 15401
1094 1095 15402
1094 1093 15403
1096 1097 15424
1097 1086 15426
1095 1098 15436
1098 1099 15439
1100 1101 15441
1099 1101 15442
1100 1102 15443
1103 1104 15586
1104 1105 15588
1106 1107 15590
1105 1106 15591
1107 1108 15592
1108 245 15675
246 248 15683
1109 891 16041
1110 1111 16043
1109 1110 16044
1112 1111 16046
1113 1112 16051
1114 1113 16052
1115 1114 16055
1115 1116 16058
1117 1118 16065
1119 1120 16186
1121 1122 16190
1121 1123 16191
1124 1125 16211
1123 1124 16212
1126 1127 16213
1125 1128 16218
1129 1128 16219
1130 1131 16220
1129 1132 16231
1133 1130 16247
1133 1134 16248
1135 1134 16269
1135 1136 16303
1137 1136 16304
1138 1139 16721
1139 604 16722
607 1140 16723
1141 1138 16729
1142 1143 16733
1141 1142 16734
1144 1145 17019
1146 1144 17020
1147 1148 17034
1149 1150 17141
1151 1152 17152
1153 1154 17153
1151 1153 17154
1155 1156 17157
1157 1158 17164
1159 1160 17165
1157 1161 17180
1162 1161 17181
1158 1163 17182
1164 1159 17183
1165 1166 17196
1167 1168 17206
1169 1162 17211
1150 1160 17220
1167 1170 17257
1171 1172 17293
1173 1171 17294
1146 1174 17334
1175 1176 17341
1176 1172 17342
1177 1178 17349
1179 1180 17350
1178 1179 17351
1181 1182 17354
1183 1182 17355
1184 1185 17356
1185 1181 17359
1186 1187 17365
1188 1189 17366
1187 1190 17368
1191 1192 17369
1193 1194 17371
1192 1193 17372
1194 1195 17373
1196 1197 17374
1180 1184 17407
1198 1199 17413
1200 1201 17418
1186 1200 17420
1188 1202 17421
1190 1202 17422
1191 1203 17429
1195 1204 17431
1196 1205 17433
1205 1204 17434
1206 1197 17438
1206 1207 17440
1207 1208 17441
1209 1208 17442
1209 1210 17447
1211 1212 17465
1213 1214 17473
1201 1215 17485
1216 1215 17486
1217 1216 17487
1218 1217 17488
1219 1210 17504
1219 1220 17506
1221 1222 17507
1223 1214 17528
1221 1220 17557
1224 1211 17572
1225 1226 17580
1227 1228 17581
1229 1228 17583
1230 1231 17610
1232 1231 17612
1222 1232 17613
1233 1225 17637
1227 1226 17639
1234 1235 17640
1236 1230 17667
1236 1237 17669
1238 1237 17727
1239 1240 17750
1240 1241 17751
1242 1239 17752
1243 1244 17753
1242 1244 17754
1245 1243 17755
1246 1238 17779
1247 1248 17807
1241 1249 17808
1250 1251 17813
1252 1250 17816
1253 1252 17817
1254 1255 17818
1255 1256 17819
1256 1253 17820
1257 1258 17828
1259 1258 17830
1246 1260 17838
1261 1262 17840
1263 1264 17856
1265 1248 17857
1264 1265 17858
1266 1267 17860
1247 1267 17861
1268 1266 17863
1268 1269 17864
1249 1269 17865
1270 1254 17878
1271 1272 17890
1273 1272 17891
1273 1257 17892
1274 1275 17896
1276 1274 17897
1277 1260 17900
1278 1279 17901
1280 1262 17906
1281 1282 17919
1263 1281 17922
1283 1284 17927
1285 1270 17939
1271 1286 17949
1279 1287 17961
1288 1289 17963
1288 1278 17965
1289 1290 17968
1291 1292 17982
1293 1292 17983
1282 1293 17984
1294 1283 17991
1295 1296 18038
1296 1297 18039
1298 1291 18053
1299 1300 18082
1301 1302 18083
1303 1301 18084
1297 1304 18100
1305 1306 18113
1298 1306 18115
1307 1308 18127
1299 1309 18142
1310 1309 18143
1302 1300 18145
1311 1304 18170
1312 1313 18183
1314 1312 18184
1315 1314 18185
1307 1316 18197
1317 1318 18205
1317 1319 18206
1320 1321 18218
1322 1311 18219
1323 1147 18228
1324 1325 18232
1326 1325 18233
1326 1327 18235
1328 1305 18238
1315 1329 18246
1329 1330 18247
1331 1332 18254
1333 1332 18255
1334 1335 18268
1336 1335 18269
1337 1338 18276
1337 1319 18277
1339 1340 18286
1341 1342 18287
1343 1341 18288
1343 1339 18289
1344 1345 18290
1344 1342 18291
1345 1346 18292
1321 1347 18295
1348 1349 18297
1349 1350 18298
1350 1347 18299
1351 1322 18308
1323 1352 18314
1353 1354 18338
1354 1355 18339
1331 1356 18341
1356 1355 18342
1357 1358 18352
1358 1359 18355
1348 1360 18374
1361 1362 18383
1353 1363 18413
1334 1364 18430
1365 1364 18431
1366 1367 18435
1336 1366 18436
1359 1368 18446
1369 1370 18448
1368 1369 18449
1371 1372 18512
1373 1374 18534
1361 1373 18535
1375 1376 18546
1377 1378 18553
1378 1379 18554
1380 1381 18555
1381 1377 18556
1382 1383 18568
1384 1382 18569
1385 1386 18570
1387 1388 18580
1389 1387 18581
1390 1391 18582
1390 1371 18583
1388 1391 18584
201 1374 18607
1392 1393 18611
1394 1392 18613
1394 1395 18614
1379 1396 18616
1397 1396 18617
1398 1380 18621
1399 1400 18623
1400 1398 18624
1401 1399 18626
1402 1403 18628
1404 1405 18629
1403 1404 18630
1406 1405 18633
1384 1406 18634
1383 1407 18638
1386 1407 18639
1408 1409 18671
1409 1410 18672
202 1411 18676
1411 1412 18677
1413 1414 18689
1393 1415 18690
1416 1415 18691
1416 1414 18692
1395 1417 18694
1418 1419 18695
1418 1420 18698
1421 1401 18707
1402 1421 18709
1422 1423 18715
1424 1425 18746
1408 1425 18747
1426 1410 18749
1417 1419 18761
1420 1427 18763
1428 1427 18764
1422 1429 18788
1430 1431 18789
1429 1430 18790
1432 1433 18791
1434 1435 18792
1432 1435 18793
1436 1434 18794
1436 1437 18795
1438 1439 18810
1438 1440 18812
1441 1442 18814
1440 1443 18816
1444 1424 18818
1445 1446 18823
1433 1431 18846
1447 1448 18850
1447 1437 18851
1449 1450 18853
1448 1449 18854
1451 1452 18856
1453 1454 18862
1454 1455 18865
1456 1455 18866
1457 1458 18867
1439 1458 18868
1428 1459 18881
1460 1459 18883
1461 1450 18905
1462 1461 18909
1463 1453 18918
1464 1456 18922
1465 1464 18925
1441 1443 18931
1446 1466 18937
1467 1460 18944
1467 1468 18945
1469 1470 18994
1466 1470 18995
1471 549 19000
1472 1468 19005
1473 1474 19006
1472 1474 19007
1473 1475 19011
1476 1477 19030
1478 1479 19048
1478 1469 19049
1480 1475 19066
1481 1482 19070
1482 1483 19073
1483 1484 19077
1485 1486 19080
1487 1485 19081
1488 1487 19082
1486 1489 19084
1490 1489 19085
1491 1492 19108
1493 1480 19121
1493 1494 19122
1495 1494 19123
1496 1497 19137
1498 1497 19138
1498 1499 19139
1499 1500 19140
1501 1479 19159
1501 1502 19162
1503 1504 19179
1495 1504 19180
1505 1506 19201
1506 1496 19202
1500 1507 19206
1507 1508 19208
1508 1509 19212
1510 1509 19214
1511 1510 19215
1512 1511 19217
1513 1514 19218
1515 1491 19228
1516 1517 19231
1518 1519 19237
1502 1518 19238
1520 1521 19255
1503 1521 19256
1520 1522 19258
1523 1512 19288
1523 1513 19289
1514 1524 19292
1525 1524 19293
1525 1526 19294
1527 1528 19297
1529 1530 19309
1519 1530 19310
1531 1522 19324
1532 1531 19325
1527 1526 19355
1533 1534 19383
1529 1534 19385
1535 1536 19402
1537 1532 19405
1537 1538 19408
1539 1540 19409
1541 1540 19410
1542 1541 19412
1543 1533 19439
1544 1543 19440
1545 1546 19441
1544 1545 19442
1547 1538 19456
1539 1548 19458
1547 1548 19459
1549 1542 19464
1550 1549 19465
1550 1551 19466
1552 1551 19467
1553 1554 19469
1554 1552 19470
1555 1556 19471
1556 1557 19472
1558 1559 19473
1560 1559 19474
1561 1562 19475
1561 1558 19476
1562 1563 19478
1546 1564 19500
1564 1565 19501
1560 1566 19527
1557 1566 19528
1567 1568 19532
1569 1570 19538
1571 1570 19539
1572 1573 19541
1573 1574 19542
1575 1576 19543
1575 1577 19544
1578 1579 19545
1578 1577 19546
1579 1580 19548
1581 1582 19549
1565 1581 19550
1583 1584 19584
1585 1584 19585
1583 1568 19586
1585 1586 19587
1586 1587 19588
1574 1588 19589
1588 1571 19591
1587 1569 19592
1589 1590 19596
1590 1582 19597
1591 214 2725
1591 212 2725
1591 222 2725
1515 1517 -1
67 69 -1
117 121 -1
256 254 -1
310 313 -1
173 174 -1
1362 1351 -1
979 981 -1
1148 1145 -1
832 833 -1
838 1118 -1
1169 1168 -1
1199 1183 -1
1259 1275 -1
1484 1488 -1
